1.1124727388340083 0.0 0.0 0.0 0.0 
0.7089200509561127 0.0 0.0 0.0 0.0 
0.013441297620667078 0.0 0.0 0.0 0.0 
1.3759764785028263 0.0 0.0 0.0 0.0 
0.13055074613617923 0.17616581147453636 0.0 0.0 0.0 
0.05150743761352839 0.0 0.0 0.0 0.0 
0.16335149329202245 0.0 0.0 0.0 0.0 
0.2517398298392254 0.0 0.0 0.0 0.0 
0.30239234206896687 0.0 0.0 0.0 0.0 
0.1610291706558783 0.0 0.0 0.0 0.0 
0.07560007217879944 0.0 0.0 0.0 0.0 
0.23047707873161946 0.0 0.0 0.0 0.0 
0.12880913531672444 0.0 0.0 0.0 0.0 
0.05402313336497605 0.0 0.0 0.0 0.0 
0.23841132498628756 0.0 0.0 0.0 0.0 
0.17442230296508704 0.0 0.0 0.0 0.0 
0.119060575897061 0.0 0.0 0.0 0.0 
0.048185398177612485 0.0 0.0 0.0 0.0 
0.8855512385542625 0.0 0.0 0.0 0.0 
0.015223216553863888 0.0 0.0 0.0 0.0 
0.1867666932512788 0.0 0.0 0.0 0.0 
0.8526293992155987 0.0 0.0 0.0 0.0 
1.0977409755347844 0.0 0.0 0.0 0.0 
0.9911868366618775 0.0 0.0 0.0 0.0 
0.4033510749463423 0.0 0.0 0.0 0.0 
0.2163263227306948 0.0 0.0 0.0 0.0 
0.129462076105355 0.0 0.0 0.0 0.0 
0.0640860173772353 0.0 0.0 0.0 0.0 
1.225896864329866 0.0 0.0 0.0 0.0 
0.12239878963447975 0.0 0.0 0.0 0.0 
1.9389774883136333 0.0 0.0 0.0 0.0 
0.07871250178495671 0.0 0.0 0.0 0.0 
0.08873486562014178 0.0 0.0 0.0 0.0 
0.12010865218192043 0.0 0.0 0.0 0.0 
0.11252944336299231 0.0 0.0 0.0 0.0 
0.9193599227278573 0.0 0.0 0.0 0.0 
1.122414217593646 0.0 0.0 0.0 0.0 
0.9651267094560516 0.0 0.0 0.0 0.0 
0.3583264065626449 0.0 0.0 0.0 0.0 
0.5714197703264754 0.0 0.0 0.0 0.0 
1.1124727388340083 0.0 0.0 0.0 0.0 
0.6185725257061242 0.0 0.0 0.0 0.0 
0.665113268118233 0.0 0.0 0.0 0.0 
0.6366177091221029 0.0 0.0 0.0 0.0 
0.9255850790298448 0.0 0.0 0.0 0.0 
0.1721484089607474 0.0 0.0 0.0 0.0 
0.4288306109402173 0.0 0.0 0.0 0.0 
0.14924897717648627 0.0 0.0 0.0 0.0 
0.650051320200759 0.0 0.0 0.0 0.0 
0.05399093039219229 0.0 0.0 0.0 0.0 
0.5061808017987531 0.0 0.0 0.0 0.0 
0.1641981536330684 0.0 0.0 0.0 0.0 
0.3284446426302767 0.0 0.0 0.0 0.0 
0.3182850170344536 0.0 0.0 0.0 0.0 
1.5151706969088015 0.0 0.0 0.0 0.0 
0.17365604357206663 0.0 0.0 0.0 0.0 
1.0541275281232276 0.0 0.0 0.0 0.0 
1.1043289681779378 0.0 0.0 0.0 0.0 
0.1963541066493702 0.0 0.0 0.0 0.0 
1.2381772428469777 0.0 0.0 0.0 0.0 
0.06424709304604313 0.0 0.0 0.0 0.0 
0.4031901681241686 0.0 0.0 0.0 0.0 
0.8529520088512212 0.0 0.0 0.0 0.0 
0.3892889101612462 0.0 0.0 0.0 0.0 
0.3776459126124056 0.0 0.0 0.0 0.0 
0.04229933817902364 0.0 0.0 0.0 0.0 
0.17906643044103057 0.0 0.0 0.0 0.0 
0.11291631924369348 0.0 0.0 0.0 0.0 
0.20015960425079207 0.0 0.0 0.0 0.0 
0.39746491343876506 0.0 0.0 0.0 0.0 
0.26197192682251447 0.0 0.0 0.0 0.0 
1.5964146740677014 0.0 0.0 0.0 0.0 
0.2251072823924939 0.0 0.0 0.0 0.0 
0.24995763251009018 0.0 0.0 0.0 0.0 
0.1892581499628528 0.0 0.0 0.0 0.0 
1.0828647398191096 0.0 0.0 0.0 0.0 
0.08495339057308768 0.0 0.0 0.0 0.0 
0.006305386594307755 0.0 0.0 0.0 0.0 
0.02735020393410007 0.0 0.0 0.0 0.0 
0.953765556136124 0.0 0.0 0.0 0.0 
1.112585263055186 0.0 0.0 0.0 0.0 
0.8737225911160709 0.0 0.0 0.0 0.0 
0.054224704587390586 0.0 0.0 0.0 0.0 
0.6810297046293322 0.0 0.0 0.0 0.0 
0.18422701273494818 0.0 0.0 0.0 0.0 
0.17590582607604371 0.0 0.0 0.0 0.0 
0.11284388403764911 0.0 0.0 0.0 0.0 
1.0055792875742122 0.0 0.0 0.0 0.0 
0.13055074613617923 0.17616581147453636 0.0 0.0 0.0 
0.3953527294841586 0.0 0.0 0.0 0.0 
0.6068163143785124 0.0 0.0 0.0 0.0 
0.12490631813352872 0.0 0.0 0.0 0.0 
0.43468410564928667 0.0 0.0 0.0 0.0 
0.06418264669788817 0.0 0.0 0.0 0.0 
0.015771529917588876 0.0 0.0 0.0 0.0 
2.4926014817030344 0.0 0.0 0.0 0.0 
0.31212479231368634 0.0 0.0 0.0 0.0 
0.16447231031493087 0.0 0.0 0.0 0.0 
1.220841557912332 0.0 0.0 0.0 0.0 
0.8738678866598634 0.0 0.0 0.0 0.0 
0.03889662020317537 0.0 0.0 0.0 0.0 
0.01652946034735683 0.0 0.0 0.0 0.0 
0.18819394982947288 0.0 0.0 0.0 0.0 
0.650051320200759 0.0 0.0 0.0 0.0 
0.1639643387337708 0.0 0.0 0.0 0.0 
0.16119871177230122 0.0 0.0 0.0 0.0 
0.08814654334293061 0.22279794753888726 0.0 0.0 0.0 
0.23914514230762982 0.0 0.0 0.0 0.0 
0.09966068558293029 0.0 0.0 0.0 0.0 
0.25551347974932287 0.0 0.0 0.0 0.0 
0.012868787730238803 0.0 0.0 0.0 0.0 
0.3683246760836427 0.0 0.0 0.0 0.0 
0.9921541041536865 0.0 0.0 0.0 0.0 
0.4058022406298455 0.0 0.0 0.0 0.0 
0.23676652539963317 0.0 0.0 0.0 0.0 
1.201328310199287 0.0 0.0 0.0 0.0 
0.27556610099983886 0.0 0.0 0.0 0.0 
0.09356481253559815 0.0 0.0 0.0 0.0 
0.13145371783474902 0.0 0.0 0.0 0.0 
1.3938359005705747 0.0 0.0 0.0 0.0 
0.13472710632412552 0.0 0.0 0.0 0.0 
0.024866749346936747 0.0 0.0 0.0 0.0 
0.2017805078175504 0.0 0.0 0.0 0.0 
0.031026992158414788 0.0 0.0 0.0 0.0 
0.18222717510953004 0.0 0.0 0.0 0.0 
0.4177032880976995 0.0 0.0 0.0 0.0 
0.2791466024209585 0.0 0.0 0.0 0.0 
0.3211636300327462 0.0 0.0 0.0 0.0 
0.19641861410392608 0.0 0.0 0.0 0.0 
0.9491211641337872 0.0 0.0 0.0 0.0 
0.03894500682432921 0.0 0.0 0.0 0.0 
0.8604989408269631 0.0 0.0 0.0 0.0 
0.21693121278236874 0.0 0.0 0.0 0.0 
0.09022686533465184 0.0 0.0 0.0 0.0 
0.14832974192890702 0.0 0.0 0.0 0.0 
0.15357905011394465 0.0 0.0 0.0 0.0 
0.17106773120494684 0.0 0.0 0.0 0.0 
0.10159577554935469 0.0 0.0 0.0 0.0 
0.5729674748571778 0.0 0.0 0.0 0.0 
0.09788659490231257 0.0 0.0 0.0 0.0 
0.08305055775107546 0.0 0.0 0.0 0.0 
0.0820667105248335 0.0 0.0 0.0 0.0 
0.1198264813151734 0.0 0.0 0.0 0.0 
0.12022169801859299 0.0 0.0 0.0 0.0 
0.0024189443184968753 0.0 0.0 0.0 0.0 
0.11172301977788471 0.0 0.0 0.0 0.0 
0.8459209712834342 0.0 0.0 0.0 0.0 
1.1852825160606106 0.0 0.0 0.0 0.0 
0.2313481524868904 0.0 0.0 0.0 0.0 
0.03226872648727287 0.0 0.0 0.0 0.0 
0.024060460437120634 0.0 0.0 0.0 0.0 
0.7125242144239352 0.0 0.0 0.0 0.0 
0.07102024773237972 0.0 0.0 0.0 0.0 
1.5145011617121618 0.0 0.0 0.0 0.0 
0.12791384412992884 0.0 0.0 0.0 0.0 
0.16695552107951417 0.0 0.0 0.0 0.0 
0.20296580415390897 0.0 0.0 0.0 0.0 
0.38469314598954035 0.0 0.0 0.0 0.0 
0.06541634292192189 0.0 0.0 0.0 0.0 
0.9987578865702346 0.0 0.0 0.0 0.0 
0.047121001056492716 0.0 0.0 0.0 0.0 
0.2853147558982537 0.0 0.0 0.0 0.0 
0.06305396644702645 5.300516990283424 0.0 0.0 0.0 
1.5433751220960228 0.0 0.0 0.0 0.0 
0.11262610806103521 0.0 0.0 0.0 0.0 
0.2721154613341043 0.0 0.0 0.0 0.0 
0.04281540887090506 0.0 0.0 0.0 0.0 
0.0631507155683864 0.0 0.0 0.0 0.0 
0.24738558268694044 0.0 0.0 0.0 0.0 
1.0402668144583271 0.0 0.0 0.0 0.0 
0.8085723611429659 0.0 0.0 0.0 0.0 
0.06624693670169819 0.0 0.0 0.0 0.0 
0.14673338142646775 0.0 0.0 0.0 0.0 
0.1030067929004949 0.0 0.0 0.0 0.0 
0.11339216524011045 0.0 0.0 0.0 0.0 
0.8336490123841369 0.0 0.0 0.0 0.0 
0.94454953096021 0.0 0.0 0.0 0.0 
0.29383736714431125 0.0 0.0 0.0 0.0 
0.18563779872599803 0.0 0.0 0.0 0.0 
0.9735041136017917 0.0 0.0 0.0 0.0 
1.0640128442711858 0.0 0.0 0.0 0.0 
0.14963596662664966 0.0 0.0 0.0 0.0 
0.05099136993676544 0.0 0.0 0.0 0.0 
1.152143199242061 0.0 0.0 0.0 0.0 
1.1518047934007911 0.0 0.0 0.0 0.0 
0.1916610606853753 0.0 0.0 0.0 0.0 
0.08408265692317979 0.0 0.0 0.0 0.0 
0.06519058492168711 0.0 0.0 0.0 0.0 
0.10773995782980003 0.0 0.0 0.0 0.0 
0.06727895949080134 0.0 0.0 0.0 0.0 
0.10611117274336973 0.0 0.0 0.0 0.0 
0.02805974271751674 0.0 0.0 0.0 0.0 
0.16061793362300564 0.0 0.0 0.0 0.0 
1.288555861313187 0.0 0.0 0.0 0.0 
0.6921486032308541 0.0 0.0 0.0 0.0 
0.8023237405860468 0.0 0.0 0.0 0.0 
0.10211991670833202 0.0 0.0 0.0 0.0 
0.034978042593738344 0.17098460654165468 6.0 0.0 0.0 
0.39554595435613765 0.0 0.0 0.0 0.0 
0.11714151731552414 0.0 0.0 0.0 0.0 
0.23831429726798128 0.0 0.0 0.0 0.0 
0.4201867985650584 0.0 0.0 0.0 0.0 
0.056554928240972774 0.0 0.0 0.0 0.0 
0.05469242182442129 0.0 0.0 0.0 0.0 
0.048378890390095464 0.0 0.0 0.0 0.0 
0.5768701055050444 0.0 0.0 0.0 0.0 
0.11223915931497111 0.0 0.0 0.0 0.0 
0.06226370389690041 0.0 0.0 0.0 0.0 
1.1399761097811778 0.0 0.0 0.0 0.0 
0.20423969271113562 0.0 0.0 0.0 0.0 
0.051733181543210334 0.0 0.0 0.0 0.0 
0.0882916065215933 0.0 0.0 0.0 0.0 
0.22241416149235263 0.0 0.0 0.0 0.0 
0.22164008811831393 0.0 0.0 0.0 0.0 
0.07010909189674783 0.0 0.0 0.0 0.0 
0.24027398055069918 0.0 0.0 0.0 0.0 
1.1235031246127818 0.0 0.0 0.0 0.0 
0.04125106390138489 0.0 0.0 0.0 0.0 
0.4271535387315426 0.0 0.0 0.0 0.0 
0.14150841027265396 0.0 0.0 0.0 0.0 
0.11614172011259322 0.0 0.0 0.0 0.0 
0.15707033518467373 0.0 0.0 0.0 0.0 
0.24512792027135447 0.0 0.0 0.0 0.0 
0.9401630079697783 0.0 0.0 0.0 0.0 
0.05898193287566672 0.0 0.0 0.0 0.0 
0.8231506141076305 0.0 0.0 0.0 0.0 
0.6822877115525553 0.0 0.0 0.0 0.0 
0.09579039409069823 0.0 0.0 0.0 0.0 
1.2911516280581958 0.0 0.0 0.0 0.0 
0.9987578865702346 0.0 0.0 0.0 0.0 
0.17464817433377616 0.0 0.0 0.0 0.0 
0.33808792617355626 0.0 0.0 0.0 0.0 
0.24141115258121065 0.0 0.0 0.0 0.0 
1.0623277940590479 0.0 0.0 0.0 0.0 
1.035477696769588 0.0 0.0 0.0 0.0 
0.934550915705628 0.0 0.0 0.0 0.0 
0.16904412138049765 0.0 0.0 0.0 0.0 
0.035284343453574486 0.0 0.0 0.0 0.0 
0.06174755883209681 0.0 0.0 0.0 0.0 
0.7033805346035351 0.0 0.0 0.0 0.0 
0.5135418316202323 0.0 0.0 0.0 0.0 
0.19562832039757588 0.0 0.0 0.0 0.0 
0.07398756591797884 0.0 0.0 0.0 0.0 
0.1781313135594476 0.0 0.0 0.0 0.0 
0.14195165178301136 0.0 0.0 0.0 0.0 
0.8524359250938265 0.0 0.0 0.0 0.0 
0.2164797651245844 0.0 0.0 0.0 0.0 
0.42154134093824597 0.0 0.0 0.0 0.0 
0.17813126933771012 0.0 0.0 0.0 0.0 
0.07305218471101031 0.0 0.0 0.0 0.0 
0.6027525346939553 0.0 0.0 0.0 0.0 
0.13771861641324623 0.0 0.0 0.0 0.0 
0.08502589351879358 0.0 0.0 0.0 0.0 
0.011465804061749203 0.0 0.0 0.0 0.0 
0.9231415737573259 0.0 0.0 0.0 0.0 
0.01978697825816401 0.0 0.0 0.0 0.0 
0.9193681047543364 0.0 0.0 0.0 0.0 
0.949387485527794 0.17616581147453636 0.0 0.0 0.0 
1.025793584502111 0.0 0.0 0.0 0.0 
0.0036767982747096103 0.0 0.0 0.0 0.0 
0.05770000932923814 0.0 0.0 0.0 0.0 
1.200481648853202 0.0 0.0 0.0 0.0 
0.12044751330607863 0.0 0.0 0.0 0.0 
0.055538982666557844 0.0 0.0 0.0 0.0 
0.07909952239134427 0.0 0.0 0.0 0.0 
0.20043355188444084 0.0 0.0 0.0 0.0 
0.08830771428948199 0.0 0.0 0.0 0.0 
0.13018760225292958 0.0 0.0 0.0 0.0 
0.08001874758852863 0.0 0.0 0.0 0.0 
1.3296934753520246 0.0 0.0 0.0 0.0 
0.060796180411583405 0.0 0.0 0.0 0.0 
1.030728217838291 0.0 0.0 0.0 0.0 
0.09564518910096365 0.0 0.0 0.0 0.0 
0.19274146406539533 0.0 0.0 0.0 0.0 
0.9415823649375895 0.0 0.0 0.0 0.0 
0.18719404810243512 0.0 0.0 0.0 0.0 
0.035703602912655535 0.0 0.0 0.0 0.0 
0.7673858536415601 0.0 0.0 0.0 0.0 
0.8336490123841369 0.0 0.0 0.0 0.0 
0.11049744045377127 0.0 0.0 0.0 0.0 
0.26472965668619985 0.17616581147453636 0.0 0.0 0.0 
0.37477512485157366 0.0 0.0 0.0 0.0 
0.2621330125417171 0.0 0.0 0.0 0.0 
0.8172807734363139 0.0 0.0 0.0 0.0 
0.08751745575951392 0.0 0.0 0.0 0.0 
0.2609235271159474 0.0 0.0 0.0 0.0 
0.08693706957561899 0.0 0.16666646881595845 0.0 0.0 
0.10178945871934057 0.0 0.0 0.0 0.0 
0.08776741109048357 0.0 0.0 0.0 0.0 
0.21389930613603095 0.0 0.0 0.0 0.0 
0.09615319324540315 0.0 0.0 0.0 0.0 
2.0859039649619855 0.0 0.0 0.0 0.0 
1.1714950235426347 0.0 0.0 0.0 0.0 
0.06305396644702645 5.300516990283424 0.0 0.0 0.0 
0.5718385371151992 0.0 0.0 0.0 0.0 
1.3640349932711362 0.0 0.0 0.0 0.0 
0.1750267234623117 0.0 0.0 0.0 0.0 
0.2095776363337393 0.0 0.0 0.0 0.0 
0.09524204856570959 0.0 0.0 0.0 0.0 
0.006773045539048114 0.0 0.0 0.0 0.0 
0.9809304488791809 0.0 0.0 0.0 0.0 
0.19145165266754602 0.0 0.0 0.0 0.0 
0.27601803107657785 0.0 0.0 0.0 0.0 
0.34400610703320267 0.0 0.0 0.0 0.0 
0.36409955519884474 0.0 0.0 0.0 0.0 
0.018803263697134566 0.0 0.0 0.0 0.0 
0.21383462380460397 0.0 0.0 0.0 0.0 
0.002668902463577105 0.0 0.0 0.0 0.0 
0.12654310192723542 0.0 0.0 0.0 0.0 
0.018964544393998136 0.0 0.0 0.0 0.0 
0.7975419787813267 0.0 0.0 0.0 0.0 
0.863530757019747 0.0 0.0 0.0 0.0 
0.06395684668700276 0.0 0.0 0.0 0.0 
0.561275810281166 0.0 0.0 0.0 0.0 
0.22454240095279426 0.0 0.0 0.0 0.0 
1.2348065393990089 0.0 0.0 0.0 0.0 
0.22854178996838415 0.0 0.0 0.0 0.0 
0.7674422913325476 0.0 0.0 0.0 0.0 
0.10817540123876306 0.0 0.0 0.0 0.0 
0.015223224594179798 0.0 0.0 0.0 0.0 
0.08437299413778998 0.0 0.0 0.0 0.0 
1.3848779032028053 0.0 0.0 0.0 0.0 
0.28425048340203063 0.0 0.0 0.0 0.0 
0.2052718220344246 0.0 0.0 0.0 0.0 
0.05768372990060477 0.0 0.0 0.0 0.0 
0.16531089817880187 0.0 0.0 0.0 0.0 
0.6175810742506052 0.0 0.0 0.0 0.0 
0.09482277222196511 0.0 0.0 0.0 0.0 
0.4806444469024123 0.0 0.0 0.0 0.0 
0.08684012145644023 0.0 0.0 0.0 0.0 
0.08263118492354007 0.0 0.0 0.0 0.0 
0.11034432871787353 0.0 0.0 0.0 0.0 
0.3133097740726849 0.0 0.0 0.0 0.0 
0.19212890355234208 0.0 0.0 0.0 0.0 
0.06305396644702645 5.300516990283424 0.0 0.0 0.0 
0.25873023426349956 0.0 0.0 0.0 0.0 
0.1182463863718226 0.0 0.0 0.0 0.0 
1.5563487848928972 0.0 0.0 0.0 0.0 
0.12022173420001458 0.0 0.0 0.0 0.0 
0.7934058115295972 0.0 0.0 0.0 0.0 
0.24477307901932266 0.0 0.0 0.0 0.0 
0.11610949251634198 0.0 0.0 0.0 0.0 
0.142234265872173 0.0 0.0 0.0 0.0 
0.9132722859791368 0.0 0.0 0.0 0.0 
0.1257368797520414 0.0 0.0 0.0 0.0 
0.8780041377318865 0.0 0.0 0.0 0.0 
0.11004584204006364 0.0 0.0 0.0 0.0 
0.686835140360121 0.0 0.0 0.0 0.0 
0.7662570583136769 0.0 0.0 0.0 0.0 
0.08830751328158422 0.0 0.0 0.0 0.0 
0.5230966314869085 0.0 0.0 0.0 0.0 
0.890558479963279 0.0 0.0 0.0 0.0 
0.055030987466969765 0.0 0.0 0.0 0.0 
0.7612901292395684 0.0 0.0 0.0 0.0 
0.19046792202588472 0.0 0.0 0.0 0.0 
0.05285402570218497 0.0 0.0 0.0 0.0 
0.17430918969026477 0.0 0.0 0.0 0.0 
0.059473787442574824 0.0 0.0 0.0 0.0 
0.3178493384462502 0.0 0.0 0.0 0.0 
0.1615858268524007 0.0 0.0 0.0 0.0 
0.12089901423095586 0.0 0.0 0.0 0.0 
0.08621131850020679 0.0 0.0 0.0 0.0 
0.1609083759647463 0.0 0.0 0.0 0.0 
0.7198617002908513 0.0 0.0 0.0 0.0 
1.5227091875578762 0.0 0.0 0.0 0.0 
0.08366337052904044 0.0 0.0 0.0 0.0 
0.12167309564531054 0.0 0.0 0.0 0.0 
0.16588331238947085 0.0 0.0 0.0 0.0 
0.2534089240444372 0.0 0.0 0.0 0.0 
0.25098999902269853 0.0 0.0 0.0 0.0 
0.017061650867600805 0.0 0.0 0.0 0.0 
0.04235574501529895 0.0 0.0 0.0 0.0 
0.025834337044327225 0.0 0.0 0.0 0.0 
0.37945969230244014 0.0 0.0 0.0 0.0 
0.14505610047109116 0.0 0.0 0.0 0.0 
0.12401138534381487 0.0 0.0 0.0 0.0 
0.08301827186253388 0.0 0.0 0.0 0.0 
0.09634658394889774 0.0 0.0 0.0 0.0 
0.16990668546641602 0.0 0.0 0.0 0.0 
0.039452992978561884 0.0 0.0 0.0 0.0 
0.25522278916282837 0.0 0.0 0.0 0.0 
0.13520291312400243 0.0 0.0 0.0 0.0 
0.8716342286074305 0.0 0.0 0.0 0.0 
0.4399257494031819 0.0 0.0 0.0 0.0 
0.34058751666971393 0.0 0.0 0.0 0.0 
0.7224902066997312 0.0 0.0 0.0 0.0 
0.6331344633622457 0.0 0.0 0.0 0.0 
1.0529826142735332 0.0 0.0 0.0 0.0 
0.38548315325963617 0.0 0.0 0.0 0.0 
0.017061650867600805 0.0 0.0 0.0 0.0 
1.2509492756266276 0.0 0.0 0.0 0.0 
0.105707998137277 0.0 0.0 0.0 0.0 
0.32808981745887666 0.0 0.0 0.0 0.0 
0.1728741409404093 0.0 0.0 0.0 0.0 
0.129703791318563 0.0 0.0 0.0 0.0 
0.3509891969810844 0.0 0.0 0.0 0.0 
0.19935340076933253 0.0 0.0 0.0 0.0 
0.6437778013985653 0.0 0.0 0.0 0.0 
0.035365026013664806 0.0 0.0 0.0 0.0 
1.0253904129111369 0.0 0.0 0.0 0.0 
0.10647403923572042 0.0 0.0 0.0 0.0 
0.9242949138580953 0.0 0.0 0.0 0.0 
0.04616956434368894 0.0 0.0 0.0 0.0 
0.25982696551505635 0.0 0.0 0.0 0.0 
1.3142127616508663 0.0 0.0 0.0 0.0 
0.1345580828030394 0.0 0.0 0.0 0.0 
0.3031908244350569 0.0 0.0 0.0 0.0 
0.10111189727734238 0.0 0.0 0.0 0.0 
0.08153466473027592 0.0 0.0 0.0 0.0 
1.483684126323137 0.0 0.0 0.0 0.0 
0.15494169571851546 0.0 0.0 0.0 0.0 
0.0366228289138715 0.0 0.0 0.0 0.0 
0.18583967296781848 0.0 0.0 0.0 0.0 
0.04905625886451176 0.0 0.0 0.0 0.0 
1.4343697883934674 0.0 0.0 0.0 0.0 
0.27769507212902844 0.0 0.0 0.0 0.0 
1.0902988279711163 0.0 0.0 0.0 0.0 
0.8484933190002888 0.0 0.0 0.0 0.0 
0.17322094388660883 0.0 0.0 0.0 0.0 
0.485885257981091 0.0 0.0 0.0 0.0 
0.23115443715564085 0.0 0.0 0.0 0.0 
0.5636381294688106 0.0 0.0 0.0 0.0 
1.1377265660745834 0.0 0.0 0.0 0.0 
0.15108724565870751 0.0 0.0 0.0 0.0 
0.08530811865767303 0.0 0.0 0.0 0.0 
0.09183926727237351 0.0 0.0 0.0 0.0 
0.0756324778680481 0.0 0.0 0.0 0.0 
0.05224926128044716 0.0 0.0 0.0 0.0 
0.2200274901978919 0.0 0.0 0.0 0.0 
0.2176970679485067 0.0 0.0 0.0 0.0 
0.142234265872173 0.0 0.0 0.0 0.0 
0.23557330432690451 0.0 0.0 0.0 0.0 
0.9281008375962605 0.0 0.0 0.0 0.0 
0.117560755467768 0.0 0.0 0.0 0.0 
0.22176084692953615 0.0 0.0 0.0 0.0 
0.4105753791957508 0.0 0.0 0.0 0.0 
0.5955762622867609 0.0 0.0 0.0 0.0 
1.3004247455073175 0.0 0.0 0.0 0.0 
0.22689715520820591 0.0 0.0 0.0 0.0 
0.27639678322309014 0.0 0.0 0.0 0.0 
0.10351469764652899 0.0 0.0 0.0 0.0 
0.05742578350065882 0.0 0.0 0.0 0.0 
0.07446315462428665 0.0 0.0 0.0 0.0 
0.09015415273770853 0.0 0.0 0.0 0.0 
0.21256061263255974 0.0 0.0 0.0 0.0 
0.20493304814769403 0.0 0.0 0.0 0.0 
0.1821464362672284 0.0 0.0 0.0 0.0 
0.990992955499112 0.0 0.0 0.0 0.0 
0.2121576450646017 0.0 0.0 0.0 0.0 
0.8094916249336667 0.0 0.0 0.0 0.0 
0.37858886377680456 0.0 0.0 0.0 0.0 
0.7989369233399525 0.0 0.0 0.0 0.0 
0.6821583629703332 0.0 0.0 0.0 0.0 
0.03954166741166008 0.0 0.0 0.0 0.0 
0.16119870976222223 0.0 0.0 0.0 0.0 
1.011094313124524 0.0 0.0 0.0 0.0 
0.6707732243830029 0.0 0.0 0.0 0.0 
0.06498914988212333 0.0 0.0 0.0 0.0 
0.23557330432690451 0.0 0.0 0.0 0.0 
0.3807095413201317 0.0 0.0 0.0 0.0 
0.9021050007564612 0.0 0.0 0.0 0.0 
0.6925437465663908 0.0 0.0 0.0 0.0 
0.16985852598418666 0.0 0.0 0.0 0.0 
1.0259547827857363 0.0 0.0 0.0 0.0 
0.08150242306347186 0.036269403281483606 0.0 0.0 0.0 
0.2620442136847302 0.0 0.0 0.0 0.0 
0.39799749692944925 0.0 0.0 0.0 0.0 
1.1846376636287788 0.0 0.0 0.0 0.0 
0.1827272505979456 0.0 0.0 0.0 0.0 
0.22336542734844334 0.0 0.0 0.0 0.0 
0.15787689947530978 0.0 0.0 0.0 0.0 
0.12997022427195332 0.0 0.0 0.0 0.0 
0.28308915022220593 0.0 0.0 0.0 0.0 
0.005934477574958943 0.0 0.0 0.0 0.0 
0.13708166459683674 0.0 0.0 0.0 0.0 
0.038670864213019567 0.0 0.0 0.0 0.0 
0.811297692955703 0.0 0.0 0.0 0.0 
0.25964954086888253 0.0 0.0 0.0 0.0 
0.07780938586322024 0.0 0.0 0.0 0.0 
1.0621100994906332 0.0 0.0 0.0 0.0 
0.6189110430062732 0.0 0.0 0.0 0.0 
0.07427776504016323 0.0 0.0 0.0 0.0 
0.22525217089529345 0.0 0.0 0.0 0.0 
1.163407393387375 0.0 0.0 0.0 0.0 
0.2897088739721031 0.0 0.0 0.0 0.0 
0.9620948960773785 0.0 0.0 0.0 0.0 
0.1189798913268917 0.0 0.0 0.0 0.0 
0.06627909796534316 0.0 0.0 0.0 0.0 
0.101337761811763 0.0 0.0 0.0 0.0 
0.1607471455198572 0.0 0.0 0.0 0.0 
0.15465147951065977 0.0 0.0 0.0 0.0 
0.9748025140671132 0.0 0.0 0.0 0.0 
0.22074510849375992 0.0 0.0 0.0 0.0 
1.4466094778868706 0.0 0.0 0.0 0.0 
0.10952987084709159 0.0 0.0 0.0 0.0 
0.17429336122285008 0.0 0.0 0.0 0.0 
0.3705014758360619 0.0 0.0 0.0 0.0 
1.109134586605006 0.0 0.0 0.0 0.0 
0.03392972710948054 0.0 0.0 0.0 0.0 
0.016448831657383114 0.0 0.0 0.0 0.0 
0.18609746961688062 0.0 0.0 0.0 0.0 
0.48628840494859776 0.0 0.0 0.0 0.0 
0.1534096884975745 0.0 0.0 0.0 0.0 
0.11507728681005183 0.0 0.0 0.0 0.0 
0.09595160845495554 0.0 0.0 0.0 0.0 
0.6314171935941726 0.0 0.0 0.0 0.0 
0.6475997474762626 0.0 0.0 0.0 0.0 
1.4445696979820841 0.0 0.0 0.0 0.0 
0.37641184572980846 0.0 0.0 0.0 0.0 
0.10783658031618441 0.0 0.0 0.0 0.0 
0.10082982791958375 0.0 0.0 0.0 0.0 
0.8342696785406681 0.0 0.0 0.0 0.0 
0.0703913103018627 0.0 0.0 0.0 0.0 
0.028825758689972933 0.0 0.0 0.0 0.0 
0.10627231273470486 0.0 0.0 0.0 0.0 
0.004579864446991364 0.0 0.0 0.0 0.0 
1.0826467467539662 0.0 0.0 0.0 0.0 
0.19722456733055288 0.0 0.0 0.0 0.0 
0.028221041505091107 0.0 0.0 0.0 0.0 
0.40154477375514463 0.0 0.0 0.0 0.0 
0.12501099058420342 0.0 0.0 0.0 0.0 
0.6103080024700764 0.0 0.0 0.0 0.0 
0.09566940241182639 0.0 0.0 0.0 0.0 
1.3922313399509456 0.0 0.0 0.0 0.0 
0.08721114384424339 0.0 0.0 0.0 0.0 
0.11141661037378375 0.0 0.0 0.0 0.0 
0.07035097022786492 0.0 0.0 0.0 0.0 
0.1412182232109434 0.0 0.0 0.0 0.0 
0.4317010238213199 0.0 0.0 0.0 0.0 
0.03560686062556411 0.0 0.0 0.0 0.0 
0.3401361333344569 0.0 0.0 0.0 0.0 
0.5141062517468064 0.0 0.0 0.0 0.0 
0.6796750963255541 0.0 0.0 0.0 0.0 
0.017222918699958914 0.0 0.0 0.0 0.0 
0.10057970906868922 0.0 0.0 0.0 0.0 
0.13766240204203306 0.0 0.0 0.0 0.0 
0.2784204111382502 0.0 0.0 0.0 0.0 
0.8977185742498204 0.0 0.0 0.0 0.0 
0.14329846801563192 0.0 0.0 0.0 0.0 
0.03431675977634196 0.0 0.0 0.0 0.0 
1.4176065659113857 0.0 0.0 0.0 0.0 
0.049991560673360656 0.0 0.0 0.0 0.0 
0.8463724318057242 0.0 0.0 0.0 0.0 
0.6096223042283762 0.0 0.0 0.0 0.0 
0.18145328666275726 0.0 0.0 0.0 0.0 
0.6587752714096445 0.0 0.0 0.0 0.0 
0.37920992189873653 0.0 0.0 0.0 0.0 
0.1047886754512622 0.0 0.0 0.0 0.0 
0.6406331956541786 0.0 0.0 0.0 0.0 
0.13152630178663774 0.0 0.0 0.0 0.0 
0.1654882745830803 0.0 0.0 0.0 0.0 
0.5987370210258134 0.0 0.0 0.0 0.0 
0.8010252958989877 0.0 0.0 0.0 0.0 
1.5583810571527013 0.0 0.0 0.0 0.0 
0.10436943528893936 0.0 0.0 0.0 0.0 
0.6068164771949096 0.0 0.0 0.0 0.0 
1.1536915369476415 0.0 0.0 0.0 0.0 
0.53165181907792 0.0 0.0 0.0 0.0 
0.4261213501109236 0.0 0.0 0.0 0.0 
0.06163472204363796 0.0 0.0 0.0 0.0 
0.6285225803672169 0.0 0.0 0.0 0.0 
0.11233593305979855 0.0 0.0 0.0 0.0 
0.10425654322330859 0.0 0.0 0.0 0.0 
0.14847481435393303 0.0 0.0 0.0 0.0 
0.1315665777391161 0.0 0.0 0.0 0.0 
0.4595271782759437 0.0 0.0 0.0 0.0 
0.709871386159928 0.0 0.0 0.0 0.0 
1.2091497425803968 0.0 0.0 0.0 0.0 
1.3002632788781479 0.0 0.0 0.0 0.0 
0.033429793130625086 0.0 0.0 0.0 0.0 
0.36364829246832636 0.0 0.0 0.0 0.0 
0.08334070461120645 0.0 0.0 0.0 0.0 
0.15408689114047514 0.0 0.0 0.0 0.0 
1.6973252659555746 0.0 0.0 0.0 0.0 
1.110803346132068 0.0 0.0 0.0 0.0 
0.14126652540878015 0.0 0.0 0.0 0.0 
0.6962688309583056 0.0 0.0 0.0 0.0 
0.17203555609165672 0.0 0.0 0.0 0.0 
1.1710917815988962 0.0 0.0 0.0 0.0 
0.13879921778604562 0.0 0.0 0.0 0.0 
0.3000942404824896 0.0 0.0 0.0 0.0 
0.9400022096918694 0.0 0.0 0.0 0.0 
0.14703160679401053 0.0 0.0 0.0 0.0 
1.7527507012707544 0.0 0.0 0.0 0.0 
0.84792889213995 0.0 0.0 0.0 0.0 
0.2265262262890752 0.0 0.0 0.0 0.0 
0.12157634250379261 0.0 0.0 0.0 0.0 
0.5169772123744303 0.0 0.0 0.0 0.0 
1.0443310916374313 0.0 0.0 0.0 0.0 
0.48901395143776955 0.0 0.0 0.0 0.0 
0.2169312127823687 0.0 0.0 0.0 0.0 
0.34182101872011844 0.0 0.0 0.0 0.0 
1.6923897099931438 0.0 0.0 0.0 0.0 
0.564017286646237 0.0 0.0 0.0 0.0 
1.1847991433234613 0.0 0.0 0.0 0.0 
1.2523679783137316 0.0 0.0 0.0 0.0 
0.21101261362528706 0.0 0.0 0.0 0.0 
1.3805320340596994 0.0 0.0 0.0 0.0 
1.5319337093376295 0.0 0.0 0.0 0.0 
0.36125311150451317 0.0 0.0 0.0 0.0 
2.2372330552829873 0.0 0.0 0.0 0.0 
0.34092623809338324 0.0 0.0 0.0 0.0 
0.5342239754352556 0.0 0.0 0.0 0.0 
1.602292274648912 0.0 0.0 0.0 0.0 
0.3786131585963699 0.0 0.0 0.0 0.0 
0.670337877457831 0.0 0.0 0.0 0.0 
0.5857877686280454 0.0 0.0 0.0 0.0 
0.6175727334278865 0.0 0.0 0.0 0.0 
0.9565474793103866 0.0 0.0 0.0 0.0 
0.33700725645807167 0.0 0.0 0.0 0.0 
0.25442483504549374 0.0 0.0 0.0 0.0 
0.18058236165333066 0.0 0.0 0.0 0.0 
2.746565651873591 0.0 0.0 0.0 0.0 
0.8840513226462181 0.0 0.0 0.0 0.0 
0.434338001205532 0.0 0.0 0.0 0.0 
0.21487476027750108 0.0 0.0 0.0 0.0 
0.30935901509881314 0.0 0.0 0.0 0.0 
0.12259237913478524 0.0 0.0 0.0 0.0 
0.6028008700580951 0.0 0.0 0.0 0.0 
0.7937361836882163 0.0 0.0 0.0 0.0 
1.2657607606681902 0.0 0.0 0.0 0.0 
0.16001338659130923 0.0 0.0 0.0 0.0 
0.09111372424013553 0.0 0.0 0.0 0.0 
1.097596177485539 0.0 0.0 0.0 0.0 
0.16850356491154805 0.0 0.0 0.0 0.0 
0.6324087460561603 0.0 0.0 0.0 0.0 
0.20239308340619594 0.0 0.0 0.0 0.0 
0.41596164310690203 0.0 0.0 0.0 0.0 
0.08935584946965548 0.0 0.0 0.0 0.0 
1.5507371891182544 0.0 0.0 0.0 0.0 
0.5072452190206626 0.0 0.0 0.0 0.0 
0.00850662408290757 0.0 0.0 0.0 0.0 
1.227775486152606 0.0 0.0 0.0 0.0 
0.042831460356582376 0.0 0.0 0.0 0.0 
1.3846115556777714 0.0 0.0 0.0 0.0 
0.1875893643047641 0.0 0.0 0.0 0.0 
0.11022318829315735 0.0 0.0 0.0 0.0 
0.9692546800077257 0.0 0.0 0.0 0.0 
0.9199486989814055 0.0 0.0 0.0 0.0 
0.23025142123533354 0.0 0.0 0.0 0.0 
0.17658320259077592 0.0 0.0 0.0 0.0 
0.23705640290918112 0.0 0.0 0.0 0.0 
0.05805470153391373 0.0 0.0 0.0 0.0 
1.0384528046142498 0.0 0.0 0.0 0.0 
0.1003460270356121 0.0 0.0 0.0 0.0 
1.5969870199356853 0.0 0.0 0.0 0.0 
0.31175343102656755 0.0 0.0 0.0 0.0 
0.22155916334370676 0.0 0.0 0.0 0.0 
0.028156555156364494 0.0 0.0 0.0 0.0 
0.07150393645394444 0.0 0.0 0.0 0.0 
0.13323535334680997 0.0 0.0 0.0 0.0 
0.9975968428417825 0.0 0.0 0.0 0.0 
0.08156684810478963 0.0 0.0 0.0 0.0 
0.11499680525785931 0.0 0.0 0.0 0.0 
0.16269825280061626 0.0 0.0 0.0 0.0 
0.5700646494525581 0.0 0.0 0.0 0.0 
1.2401929128594646 0.0 0.0 0.0 0.0 
0.07128630741410381 0.0 0.0 0.0 0.0 
0.11165852036364475 0.0 0.0 0.0 0.0 
0.10203930249092696 0.0 0.0 0.0 0.0 
0.07624525044443352 0.0 0.0 0.0 0.0 
0.08272790087859688 0.0 0.0 0.0 0.0 
0.20692465369566643 0.0 0.0 0.0 0.0 
0.1674395507104735 0.0 0.0 0.0 0.0 
0.051644506909104236 0.0 0.0 0.0 0.0 
0.012481746219029885 0.0 0.0 0.0 0.0 
0.6994297183424125 0.0 0.0 0.0 0.0 
0.6243295009453567 0.0 0.0 0.0 0.0 
0.02511670065774845 0.0 0.0 0.0 0.0 
0.03696142973280208 0.0 0.0 0.0 0.0 
0.11567394659335113 0.0 0.0 0.0 0.0 
0.17045487018508645 0.0 0.0 0.0 0.0 
0.9255363406448698 0.0 0.0 0.0 0.0 
0.05150742957321248 0.0 0.0 0.0 0.0 
0.19907102587956924 0.0 0.0 0.0 0.0 
0.28608851469493246 0.0 0.0 0.0 0.0 
0.6110978338582619 0.0 0.0 0.0 0.0 
1.5493580136292093 0.0 0.0 0.0 0.0 
0.007740617155806772 0.0 0.0 0.0 0.0 
1.4398520948832174 0.0 0.0 0.0 0.0 
0.7861246176229428 0.0 0.0 0.0 0.0 
1.0653028657222885 0.0 0.0 0.0 0.0 
0.34615091678070575 0.0 0.0 0.0 0.0 
0.3298955538178815 0.0 0.0 0.0 0.0 
0.14437893471313978 0.0 0.0 0.0 0.0 
0.30328720872708237 0.0 0.0 0.0 0.0 
0.06850462524831082 0.0 0.0 0.0 0.0 
0.7145077649824199 0.0 0.0 0.0 0.0 
1.5045267900201311 0.0 0.0 0.0 0.0 
0.08796886824091614 0.0 0.0 0.0 0.0 
0.0706089531107443 0.0 0.0 0.0 0.0 
0.17429328886000686 0.0 0.0 0.0 0.0 
0.872948531812585 0.0 0.0 0.0 0.0 
0.2170519773223161 0.0 0.0 0.0 0.0 
0.13013940558423912 0.0 0.0 0.0 0.0 
0.15839269378133178 0.0 0.0 0.0 0.0 
0.07948676008626143 0.0 0.0 0.0 0.0 
0.13297747428450976 0.0 0.0 0.0 0.0 
0.0565307576442883 0.0 0.0 0.0 0.0 
0.03284930965890763 0.0 0.0 0.0 0.0 
0.39548963596333736 0.0 0.0 0.0 0.0 
0.0193918650738118 0.0 0.0 0.0 0.0 
0.12393052991693247 0.0 0.0 0.0 0.0 
0.03531658311029959 0.0 0.0 0.0 0.0 
0.13625115021518006 0.0 0.0 0.0 0.0 
0.11433540284076375 0.0 0.0 0.0 0.0 
0.02177051152996944 0.0 0.0 0.0 0.0 
0.3582456222925584 0.0 0.0 0.0 0.0 
0.3017229351153659 0.0 0.0 0.0 0.0 
1.3388453629279151 0.0 0.0 0.0 0.0 
0.531119540114201 0.0 0.0 0.0 0.0 
0.30558513905483076 0.0 0.0 0.0 0.0 
0.1501680877991689 0.0 0.0 0.0 0.0 
0.26918826311885485 0.0 0.0 0.0 0.0 
0.00012901088895380622 0.0 0.0 0.0 0.0 
0.33925692076940483 0.0 0.0 0.0 0.0 
0.04402483922051077 0.0 0.0 0.0 0.0 
1.5012933950671365 0.0 0.0 0.0 0.0 
1.3101001099110825 0.0 0.0 0.0 0.0 
1.1451280839118727 0.0 0.0 0.0 0.0 
0.14138745276512474 0.0 0.0 0.0 0.0 
0.009595147176958502 0.03886016720647642 0.0 0.0 0.0 
1.0893311055984345 0.0 0.0 0.0 0.0 
0.1462977631406337 0.0 0.0 0.0 0.0 
0.8390106739336392 0.0 0.0 0.0 0.0 
0.0649244735809333 0.0 0.0 0.0 0.0 
0.9960888564666422 0.0 0.0 0.0 0.0 
0.06947212852238424 0.0 0.0 0.0 0.0 
0.09264560663517195 0.0 0.0 0.0 0.0 
0.003967069759737207 0.0 0.0 0.0 0.0 
0.030535157491288566 0.0 0.0 0.0 0.0 
0.23570222275222535 0.0 0.0 0.0 0.0 
0.35034404203236647 0.0 0.0 0.0 0.0 
0.2558923243594682 0.0 0.0 0.0 0.0 
0.39814219246466687 0.22279794753888726 0.0 0.0 0.0 
0.12977653808684897 0.0 0.0 0.0 0.0 
0.8134748376376748 0.0 0.0 0.0 0.0 
0.12863966756818423 0.0 0.0 0.0 0.0 
0.5960278020061623 0.0 0.0 0.0 0.0 
0.34873103405583294 0.0 0.0 0.0 0.0 
0.9684163484289242 0.0 0.0 0.0 0.0 
0.11311005769085124 0.0 0.0 0.0 0.0 
1.0611908139910795 0.0 0.0 0.0 0.0 
0.0977253765178973 0.0 0.0 0.0 0.0 
0.7773197139003601 0.0 0.0 0.0 0.0 
0.797864771836656 0.0 0.0 0.0 0.0 
0.6796749033579723 0.0 0.0 0.0 0.0 
0.029672379834478804 0.0 0.0 0.0 0.0 
0.06377967028558267 2.111399942520755 0.19841260419807544 0.0 0.0 
0.4339583786948222 0.0 0.0 0.0 0.0 
0.24187018024682022 0.0 0.0 0.0 0.0 
0.7877695798249865 0.0 0.0 0.0 0.0 
0.09083141367289954 0.0 0.0 0.0 0.0 
0.04786285085443819 0.0 0.0 0.0 0.0 
0.32394508385356724 0.0 0.0 0.0 0.0 
0.21951954123012032 0.0 0.0 0.0 0.0 
1.0138520882149866 0.0 0.0 0.0 0.0 
0.10227296914689993 0.0 0.0 0.0 0.0 
0.29325672367030725 0.0 0.0 0.0 0.0 
0.2903378417548127 0.0 0.0 0.0 0.0 
0.11195684874773514 0.0 0.0 0.0 0.0 
0.15698954810047652 0.0 0.0 0.0 0.0 
0.22285735878097254 0.0 0.0 0.0 0.0 
0.35034404203236647 0.0 0.0 0.0 0.0 
1.4802245572835593 0.0 0.0 0.0 0.0 
0.238072602356571 0.0 0.0 0.0 0.0 
0.052249239169578396 0.0 0.0 0.0 0.0 
0.4762497710316466 0.0 0.0 0.0 0.0 
1.3739682347271231 0.0 0.0 0.0 0.0 
0.108086539667312 0.0 0.0 0.0 0.0 
0.019786968207769127 0.0 0.0 0.0 0.0 
0.8512022099750504 0.0 0.0 0.0 0.0 
0.9549347085231724 0.0 0.0 0.0 0.0 
0.021431844981456293 0.0 0.0 0.0 0.0 
0.48419197498797995 0.0 0.0 0.0 0.0 
0.606284158029611 0.0 0.0 0.0 0.0 
0.17251118700962303 0.0 0.0 0.0 0.0 
0.15031338836815888 0.0 0.0 0.0 0.0 
0.000596672245788938 0.0 0.0 0.0 0.0 
0.013586412759871354 0.0 0.0 0.0 0.0 
0.07060905934341828 0.0 0.0 0.0 0.0 
0.09288748828291934 0.0 0.0 0.0 0.0 
0.06624693670169819 0.0 0.0 0.0 0.0 
0.09511302159612395 0.0 0.0 0.0 0.0 
0.021165784897716415 0.0 0.0 0.0 0.0 
0.9113130077273328 0.0 0.0 0.0 0.0 
0.6431487753235654 0.0 0.0 0.0 0.0 
1.0484671527569909 0.0 0.0 0.0 0.0 
0.02704382166606533 0.0 0.0 0.0 0.0 
0.06853680259258761 0.0 0.0 0.0 0.0 
1.3267827010900874 0.0 0.0 0.0 0.0 
0.7347059471071535 0.0 0.0 0.0 0.0 
0.1380250047115179 0.0 0.0 0.0 0.0 
0.20612640208664312 0.0 0.0 0.0 0.0 
0.2762433347989636 0.0 0.0 0.0 0.0 
0.04419410093595574 0.0 0.0 0.0 0.0 
0.028575781248134518 0.0 0.0 0.0 0.0 
0.08405835707841705 0.0 0.0 0.0 0.0 
0.6033330444977073 0.0 0.0 0.0 0.0 
0.26866436618447337 0.0 0.0 0.0 0.0 
0.06531151227803167 0.0 0.0 0.0 0.0 
0.1091910559547499 0.0 0.0 0.0 0.0 
0.11422264344034551 0.0 0.0 0.0 0.0 
0.960949748254491 0.0 0.0 0.0 0.0 
0.9717624394648491 0.0 0.0 0.0 0.0 
0.07060903823758902 0.0 0.0 0.0 0.0 
0.07748678075027536 0.0 0.0 0.0 0.0 
0.08616284142549895 0.0 0.0 0.0 0.0 
0.7054124128878596 0.0 0.0 0.0 0.0 
2.4650008158980627 0.0 0.0 0.0 0.0 
0.7420514088669495 0.0 0.0 0.0 0.0 
0.6166372125204292 0.0 0.0 0.0 0.0 
1.0946528901961354 0.0 0.0 0.0 0.0 
1.0806873599578974 0.0 0.0 0.0 0.0 
0.4919729304087133 0.0 0.23015873958019242 0.0 0.0 
0.02443133910427688 0.0 0.0 0.0 0.0 
0.00748260341821507 0.0 0.0 0.0 0.0 
0.20635211888025884 0.0 0.0 0.0 0.0 
0.6238456914180456 0.0 0.0 0.0 0.0 
0.03507470427666276 0.0 0.0 0.0 0.0 
0.835858056014447 0.0 0.23015873958019242 0.0 0.0 
1.2568832890743504 0.0 0.0 0.0 0.0 
0.3877327411879683 0.0 0.0 0.0 0.0 
0.145338393651144 0.0 0.0 0.0 0.0 
0.801977284378471 0.0 0.0 0.0 0.0 
0.096878750348194 0.0 0.0 0.0 0.0 
0.2918215051692821 0.0 0.0 0.0 0.0 
0.10183771619292008 0.0 0.0 0.0 0.0 
1.3610592401911226 0.0 0.0 0.0 0.0 
1.3850872559434626 0.0 0.0 0.0 0.0 
1.2090692590181251 0.0 0.0 0.0 0.0 
0.2912168271809403 0.0 0.0 0.0 0.0 
0.04729035171793245 0.0 0.0 0.0 0.0 
0.19542689339832803 0.0 0.0 0.0 0.0 
0.3589149192948392 0.0 0.0 0.0 0.0 
1.2864749984092128 0.0 0.0 0.0 0.0 
0.106054625201566 0.0 0.0 0.0 0.0 
0.156183387835715 0.0 0.0 0.0 0.0 
1.9183274575203595 0.0 0.0 0.0 0.0 
0.11847994970973612 0.0 0.0 0.0 0.0 
0.16870545020880282 0.0 0.0 0.0 0.0 
0.2355732560850091 0.0 0.0 0.0 0.0 
1.2997712587812362 0.0 0.0 0.0 0.0 
0.04095275310548554 0.0 0.0 0.0 0.0 
0.8532100627903924 0.0 0.0 0.0 0.0 
2.23986195013963 0.0 0.0 0.0 0.0 
0.18113086838665335 0.0 0.0 0.0 0.0 
0.15853754007247275 0.0 0.0 0.0 0.0 
0.1738979555720066 0.0 0.0 0.0 0.0 
0.9880900768273994 0.0 0.0 0.0 0.0 
0.39025637524381906 0.0 0.0 0.0 0.0 
0.17506743459688878 0.7875651081610838 0.0 0.0 0.0 
1.076551036523031 0.0 0.0 0.0 0.0 
0.04005773106826508 0.0 0.0 0.0 0.0 
0.09079103621143278 0.0 0.0 0.0 0.0 
0.04157359514392736 0.0 0.0 0.0 0.0 
0.14179871793910315 0.0 0.0 0.0 0.0 
0.10317614788360445 0.0 0.0 0.0 0.0 
0.09132326994837477 0.0 0.0 0.0 0.0 
0.17061632776890004 0.0 0.0 0.0 0.0 
0.1848073647475005 0.0 0.0 0.0 0.0 
0.19559593300004594 0.0 0.0 0.0 0.0 
0.13604149073647068 0.0 0.0 0.0 0.0 
0.23383964336980695 0.0 0.0 0.0 0.0 
0.31704312390935635 0.0 0.0 0.0 0.0 
0.020512663503489684 0.0 0.0 0.0 0.0 
0.1482410130226685 0.0 0.0 0.0 0.0 
0.09875755207300277 0.0 0.0 0.0 0.0 
0.07231025149478727 0.0 0.0 0.0 0.0 
0.6231683993266304 0.0 0.0 0.0 0.0 
0.6530182048123224 0.0 0.0 0.0 0.0 
0.17080997154133795 0.0 0.0 0.0 0.0 
0.058183661668373354 0.0 0.0 0.0 0.0 
0.015408690561304379 0.0 0.0 0.0 0.0 
0.27249436976425717 0.0 0.0 0.0 0.0 
1.1786710155438114 0.0 0.0 0.0 0.0 
1.216180653111192 0.0 0.0 0.0 0.0 
0.1550062079972609 0.0 0.0 0.0 0.0 
0.4412964674849277 0.0 0.0 0.0 0.0 
0.2647293310534055 0.0 0.0 0.0 0.0 
0.004450857578195514 0.0 0.0 0.0 0.0 
0.12722059201142988 0.0 0.0 0.0 0.0 
0.0639004810573465 0.0 0.0 0.0 0.0 
0.13975036303739763 0.0 0.0 0.0 0.0 
1.2393061333521007 0.0 0.0 0.0 0.0 
0.09634660505472703 0.0 0.0 0.0 0.0 
0.2576904616148975 0.0 0.0 0.0 0.0 
1.2402733431546433 0.0 0.0 0.0 0.0 
0.423960287065814 0.0 0.0 0.0 0.0 
0.14449159260456962 0.0 0.0 0.0 0.0 
0.2958853793275511 0.0 0.0 0.0 0.0 
0.16061818287279886 0.0 0.0 0.0 0.0 
0.46411480564794744 0.0 0.0 0.0 0.0 
0.1030793424800331 0.0 0.0 0.0 0.0 
1.1789130491535298 0.0 0.0 0.0 0.0 
0.22173643522387831 0.0 0.0 0.0 0.0 
0.4305077002345634 0.0 0.0 0.0 0.0 
0.46203468747823456 0.0 0.0 0.0 0.0 
0.18706514575774605 0.0 0.0 0.0 0.0 
0.15573180349256022 0.0 0.0 0.0 0.0 
0.25427161979052865 0.0 0.0 0.0 0.0 
0.18867789443409144 0.0 0.0 0.0 0.0 
0.899846990597212 0.0 0.0 0.0 0.0 
0.23086427622495703 0.0 0.0 0.0 0.0 
0.7649026902143367 0.0 0.0 0.0 0.0 
0.20370769917863144 0.0 0.0 0.0 0.0 
0.08914623079554933 0.0 0.0 0.0 0.0 
0.12441443633005045 0.0 0.0 0.0 0.0 
0.06405364103513972 0.0 0.0 0.0 0.0 
1.4383610323680307 0.0 0.0 0.0 0.0 
1.223429282331351 0.0 0.0 0.0 0.0 
0.17576044550591044 0.0 0.0 0.0 0.0 
0.19849873227363898 0.0 0.0 0.0 0.0 
0.11161013133039613 0.0 0.0 0.18421043136382764 0.0 
0.1342353093459801 0.0 0.0 0.0 0.0 
0.307544516805544 0.0 0.0 0.0 0.0 
0.14231464692041665 0.0 0.0 0.0 0.0 
0.025447294327070918 0.0 0.0 0.0 0.0 
0.19083053625332372 0.0 0.0 0.0 0.0 
0.047024294146791296 0.0 0.0 0.0 0.0 
0.15703790758556418 0.0 0.0 0.0 0.0 
1.1584082103849809 0.0 0.0 0.0 0.0 
0.7119437022080884 0.0 0.0 0.0 0.0 
0.07027029068289306 0.0 0.0 0.0 0.0 
0.25421494561374924 0.0 0.0 0.0 0.0 
0.4580514064315412 0.0 0.0 0.0 0.0 
0.21614894331129794 0.0 0.0 0.0 0.0 
0.9242299963474279 0.0 0.0 0.0 0.0 
0.14158085150893523 0.0 0.0 0.0 0.0 
0.0920570000322894 0.0 0.0 0.0 0.0 
0.7575648828352881 0.0 0.0 0.0 0.0 
0.032091343047718074 0.0 0.0 0.0 0.0 
0.1396375875563476 0.0 0.0 0.0 0.0 
0.9555797991493632 0.0 0.0 0.0 0.0 
0.25365062297600555 0.0 0.0 0.0 0.0 
0.12655935040065255 0.0 0.0 0.0 0.0 
1.074083906792286 0.0 0.0 0.0 0.0 
0.19136305220535418 0.0 0.0 0.0 0.0 
0.12441443633005045 0.0 0.0 0.0 0.0 
0.10696578395181239 0.0 0.0 0.0 0.0 
0.10288585227762913 0.0 0.0 0.0 0.0 
0.9420094162668202 0.0 0.0 0.0 0.0 
0.025479540014032943 0.0 0.0 0.0 0.0 
1.1130368715192884 0.0 0.0 0.0 0.0 
0.13075206760628078 0.0 0.0 0.0 0.0 
0.004305721835681715 0.0 0.0 0.0 0.0 
0.41754202549154673 0.0 0.0 0.0 0.0 
1.4956897712657202 0.0 0.0 0.0 0.0 
0.638311023773958 0.0 0.0 0.0 0.0 
0.8550161509132185 0.0 0.0 0.0 0.0 
0.35142439114025414 0.0 0.0 0.0 0.0 
0.8339229288615615 0.0 0.0 0.0 0.0 
0.3516660327845716 0.0 0.0 0.0 0.0 
0.21267397807178973 0.22279794753888726 0.0 0.0 0.0 
2.1825971649197378 0.0 0.0 0.0 0.0 
0.06732730390029668 0.0 0.0 0.0 0.0 
0.08052675886874854 0.0 0.0 0.0 0.0 
0.21267397807178973 0.22279794753888726 0.0 0.0 0.0 
1.389683850277786 0.0 0.0 0.0 0.0 
0.042404143696926654 0.0 0.0 0.0 0.0 
0.28666115805460485 0.0 0.0 0.0 0.0 
0.20938412201038756 0.0 0.0 0.0 0.0 
0.9394535787356659 0.0 0.0 0.0 0.0 
0.29291826858210257 0.0 0.0 0.0 0.0 
0.16303721442872338 0.0 0.0 0.0 0.0 
0.06305395438655258 0.0 0.0 0.0 0.0 
0.19586183026738863 0.0 0.0 0.0 0.0 
0.23621801705824733 0.0 0.0 0.0 0.0 
0.1464912432926428 0.0 0.0 0.0 0.0 
0.7515820598457943 0.0 0.0 0.0 0.0 
0.9051044928692027 0.0 0.0 0.0 0.0 
1.3063107492236945 0.0 0.0 0.0 0.0 
1.130614881525104 0.0 0.0 0.0 0.0 
0.23928201260538687 0.0 0.0 0.0 0.0 
0.8709488972051437 0.0 0.0 0.0 0.0 
1.165286020235313 0.0 0.0 0.0 0.0 
0.07024614159405365 0.0 0.0 0.0 0.0 
0.14170198087821703 0.0 0.0 0.0 0.0 
0.05290240327798341 0.0 0.0 0.0 0.0 
0.24202370404890844 0.0 0.0 0.0 0.0 
0.06874643774934139 0.0 0.0 0.0 0.0 
0.5800304883593279 0.0 0.0 0.0 0.0 
0.10808651956652225 0.0 0.0 0.0 0.0 
0.14774916679758818 0.0 0.0 0.0 0.0 
0.1461445408503922 0.0 0.0 0.0 0.0 
0.8627567238472877 0.0 0.0 0.0 0.0 
0.18281594935299939 0.0 0.0 0.0 0.0 
0.050846324647805634 0.0 0.0 0.0 0.0 
0.1261722956229224 0.0 0.0 0.0 0.0 
0.09014617272416664 0.0 0.0 0.0 0.0 
0.08736419779037054 0.0 0.0 0.0 0.0 
0.2437572765625309 0.0 0.0 0.0 0.0 
0.18545249959542862 0.0 0.0 0.0 0.0 
2.1771307018724904 0.0 0.0 0.0 0.0 
0.1555381786148647 0.0 0.0 0.0 0.0 
0.07124609397508164 0.0 0.0 0.0 0.0 
0.15702199479533638 0.0 0.0 0.0 0.0 
1.6487523667626984 0.0 0.0 0.0 0.0 
0.01164317745090912 0.0 0.0 0.0 0.0 
0.6401010513657511 0.0 0.0 0.0 0.0 
0.7671036975488935 0.0 0.0 0.0 0.0 
0.13681567506686904 0.0 0.0 0.0 0.0 
0.07018180298613191 0.0 0.0 0.0 0.0 
1.2159548428489042 0.0 0.0 0.0 0.0 
0.12075389356403439 0.0 0.0 0.0 0.0 
0.09502442334501901 0.0 0.0 0.0 0.0 
0.8899780415173306 0.0 0.0 0.0 0.0 
0.33244386661838243 0.0 0.0 0.0 0.0 
0.11488378856733195 0.0 0.0 0.0 0.0 
0.17945360381342043 0.0 0.0 0.0 0.0 
0.9029596270404961 0.0 0.0 0.0 0.0 
0.15583667735314846 0.0 0.0 0.0 0.0 
0.7280779056504461 0.0 0.0 0.0 0.0 
0.008434050181413735 0.0 0.0 0.0 0.0 
0.33244386661838243 0.0 0.0 0.0 0.0 
0.17145469954928097 0.0 0.0 0.0 0.0 
0.17152752471064703 0.0 0.0 0.0 0.0 
0.09002508054134592 0.0 0.0 0.0 0.0 
0.9217147443209146 0.0 0.0 0.0 0.0 
0.161714793519617 0.0 0.0 0.0 0.0 
0.16667335282586984 0.0 0.0 0.0 0.0 
1.1077557849906514 0.0 0.0 0.0 0.0 
0.10178922836428972 0.0 0.0 0.0 0.0 
0.09837057166819478 0.0 0.0 0.0 0.0 
0.8314478291676696 0.0 0.0 0.0 0.0 
1.6177899142201033 0.0 0.0 0.0 0.0 
0.9852359395557801 0.0 0.0 0.0 0.0 
0.3759040957598556 0.0 0.0 0.0 0.0 
0.6400851114394571 0.0 0.0 0.0 0.0 
0.39854535400524616 0.0 0.0 0.0 0.0 
0.1176011831812092 0.0 0.0 0.0 0.0 
0.7053643338087893 0.0 0.0 0.0 0.0 
0.09254889248918623 0.0 0.0 0.0 0.0 
0.1836623845651998 0.0 0.0 0.0 0.0 
0.004628243027829298 0.0 0.0 0.0 0.0 
0.005966729493165803 0.0 0.0 0.0 0.0 
0.2538924565828653 0.0 0.0 0.0 0.0 
0.7241353168435876 0.0 0.0 0.0 0.0 
0.18613771039297689 0.0 0.0 0.0 0.0 
0.2104967328858691 0.0 0.0 0.0 0.0 
0.7678137066907911 0.0 0.0 0.0 0.0 
1.214551870034841 0.0 0.0 0.0 0.0 
0.08764642845696714 0.0 0.0 0.0 0.0 
0.1367913810513353 0.0 0.0 0.0 0.0 
0.2032558897066311 0.0 0.0 0.0 0.0 
0.10125707322143573 0.0 0.0 0.0 0.0 
0.6008657006935512 0.0 0.0 0.0 0.0 
0.5867956775046913 0.0 0.0 0.0 0.0 
0.23807276215784964 0.0 0.0 0.0 0.0 
1.3680419470179515 0.0 0.0 0.0 0.0 
0.13853298282543466 0.0 0.0 0.0 0.0 
0.2500866775703866 0.0 0.0 0.0 0.0 
0.2736874138495318 0.0 0.0 0.0 0.0 
0.5500680521182721 0.0 0.0 0.0 0.0 
0.0338329498470149 0.0 0.0 0.0 0.0 
0.005120103323462489 0.0 0.0 0.0 0.0 
0.009643526762835926 0.0 0.0 0.0 0.0 
1.58721423705426 0.0 0.0 0.0 0.0 
0.7167333384972041 0.0 0.0 0.0 0.0 
0.1555381786148647 0.0 0.0 0.0 0.0 
0.11976999226666792 0.0 0.0 0.0 0.0 
0.06302157201422007 0.0 0.0 0.0 0.0 
1.607533949559032 0.0 0.0 0.0 0.0 
0.1794616240285419 0.0 0.0 0.0 0.0 
0.14913601676817026 0.0 0.0 0.0 0.0 
0.1978293910496205 0.0 0.0 0.0 0.0 
0.09820919448754029 0.0 0.0 0.0 0.0 
0.02773724062111944 0.0 0.0 0.0 0.0 
0.2183742625510914 0.0 0.0 0.0 0.0 
1.667136030493373 0.0 0.0 0.0 0.0 
0.013481579603382393 0.0 0.0 0.0 0.0 
0.011175536596879561 0.0 0.0 0.0 0.0 
0.0861144367136343 0.0 0.0 0.0 0.0 
0.0790995646030028 0.0 0.0 0.0 0.0 
0.06598074093762732 0.0 0.0 0.0 0.0 
0.23178332091704915 0.0 0.0 0.0 0.0 
0.09482287674607197 0.0 0.0 0.0 0.0 
0.052604007053727496 0.0 0.12698454152846794 0.0 0.0 
0.05532134840051188 0.0 0.0 0.0 0.0 
1.4833937342333712 0.0 0.0 0.0 0.0 
0.09495174893957631 0.0 0.0 0.0 0.0 
0.019077418368918082 0.0 0.0 0.0 0.0 
0.061441203700128275 0.0 0.0 0.0 0.0 
0.07476151064696301 0.0 0.0 0.0 0.0 
1.0811067569063808 0.0 0.0 0.0 0.0 
0.053990876120059886 0.0 0.0 0.0 0.0 
0.1288571661538992 0.0 0.0 0.0 0.0 
0.11638353100556058 0.0 0.0 0.0 0.0 
0.19661175053243 0.0 0.0 0.0 0.0 
0.8147971801537011 0.0 0.0 0.0 0.0 
0.0162069250846564 0.0 0.0 0.0 0.0 
1.5026641925470021 0.0 0.0 0.0 0.0 
0.24511961965021561 0.0 0.0 0.0 0.0 
0.0511364815583315 0.0 0.0 0.0 0.0 
0.041001118620810115 0.0 0.0 0.0 0.0 
0.03480060588709063 0.0 0.0 0.0 0.0 
0.8656513591851124 0.0 0.0 0.0 0.0 
0.046959907296974086 0.7875651081610838 0.0 0.0 0.0 
0.04902398503644404 0.0 0.0 0.0 0.0 
0.43342637913208115 0.0 0.0 0.0 0.0 
0.10391785014175292 0.0 0.0 0.0 0.0 
0.3528438466019353 0.0 0.0 0.0 0.0 
0.11431949447270966 0.0 0.0 0.0 0.0 
0.006224757100302452 0.0 0.0 0.0 0.0 
0.8915020743529508 0.0 0.0 0.0 0.0 
1.168350043923558 0.0 0.0 0.0 0.0 
0.8052583161931607 0.0 0.0 0.0 0.0 
0.8506942278409756 0.0 0.0 0.0 0.0 
0.400706012019442 0.0 0.0 0.0 0.0 
0.9301001103894858 0.0 0.0 0.0 0.0 
0.06579530210656893 0.0 0.0 0.0 0.0 
0.16951969300113412 0.0 0.0 0.0 0.0 
0.050394669951886614 0.0 0.0 0.0 0.0 
0.13765430896154862 0.0 0.0 0.0 0.0 
0.4157683559224749 0.0 0.0 0.0 0.0 
1.1828636131497408 0.0 0.0 0.0 0.0 
1.2824438151703994 0.0 0.0 0.0 0.0 
0.2702766264116271 0.0 0.0 0.0 0.0 
0.08379223669230784 0.0 0.0 0.0 0.0 
0.20415109978673995 0.0 0.0 0.0 0.0 
0.0994589339559275 0.0 0.0 0.0 0.0 
0.17440579499047387 0.0 0.0 0.0 0.0 
0.11510144695432563 0.0 0.0 0.0 0.0 
0.05234604758826821 0.0 0.0 0.0 0.0 
0.1555381786148647 0.0 0.0 0.0 0.0 
0.13165534081669725 0.0 0.0 0.0 0.0 
0.2412897307454375 0.0 0.0 0.0 0.0 
0.11751252965293241 0.0 0.0 0.0 0.0 
0.4096080548187065 0.0 0.0 0.0 0.0 
0.11325502679781776 0.0 0.0 0.0 0.0 
0.276598389119367 0.0 0.0 0.0 0.0 
0.2715667755027447 0.0 0.0 0.0 0.0 
0.18213869143292682 0.0 0.0 0.0 0.0 
0.12449500532067853 0.0 0.0 0.0 0.0 
0.983768752758692 0.0 0.0 0.0 0.0 
0.9911220558365804 0.0 0.0 0.0 0.0 
1.6422374997877183 0.0 0.0 0.0 0.0 
0.8304882878164273 0.0 0.0 0.0 0.0 
0.10307925403655809 0.0 0.0 0.0 0.0 
0.027261525279836024 0.0 0.0 0.0 0.0 
0.19325779104234642 0.0 0.0 0.0 0.0 
0.14364503437553572 0.0 0.0 0.0 0.0 
0.17798617580685486 0.0 0.0 0.0 0.0 
0.2412897307454375 0.0 0.0 0.0 0.0 
0.06490036770879193 0.0 0.0 0.0 0.0 
0.3102295943746556 0.0 0.0 0.0 0.0 
0.152103428020426 0.0 0.0 0.0 0.0 
0.9512178453542773 0.0 0.0 0.0 0.0 
0.027253474913529894 0.0 0.0 0.0 0.0 
0.9881628627922255 0.0 0.0 0.0 0.0 
0.6828197020699409 0.0 0.0 0.0 0.0 
0.20522324284770466 0.0 0.0 0.0 0.0 
0.3058030215656305 0.0 0.0 0.0 0.0 
0.19121790862353236 0.0 0.0 0.0 0.0 
0.215673323448766 0.0 0.0 0.0 0.0 
0.1135454291389868 0.0 0.0 0.0 0.0 
1.4077447415564412 0.0 0.0 0.0 0.0 
0.19422539281028975 0.0 0.0 0.0 0.0 
0.2913054133715713 0.0 0.0 0.0 0.0 
0.27584068582852356 0.0 0.0 0.0 0.0 
0.7610079893280376 0.0 0.0 0.0 0.0 
0.9422996998123214 0.0 0.0 0.0 0.0 
0.0030639975572185193 0.0 0.0 0.0 0.0 
0.06852063753744805 0.0 0.0 0.0 0.0 
0.5926414746163151 0.0 0.0 0.0 0.0 
0.0016287569453246145 0.0 0.0 0.0 0.0 
0.01035307559664748 0.0 0.0 0.0 0.0 
0.8901069197410718 0.0 0.0 0.0 0.0 
0.09764474722489991 0.0 0.0 0.0 0.0 
0.10002338423368634 0.0 0.0 0.0 0.0 
0.1780827621118176 0.0 0.0 0.0 0.0 
0.10616749455330428 0.0 0.0 0.0 0.0 
0.14325004018785903 0.0 0.0 0.0 0.0 
0.8077985364156968 0.0 0.0 0.0 0.0 
0.8691428412435812 0.0 0.0 0.0 0.0 
1.3060689970250334 0.0 0.0 0.0 0.0 
1.3060689970250334 0.0 0.0 0.0 0.0 
0.38250777304927286 0.0 0.0 0.0 0.0 
0.23654869615592633 0.0 0.0 0.0 0.0 
0.6782721050187646 0.0 0.0 0.0 0.0 
0.12859116938764714 0.0 0.0 0.0 0.0 
1.6293204709660436 0.0 0.0 0.0 0.0 
0.03507471332201816 0.0 0.0 0.0 0.0 
1.157545256343741 0.0 0.0 0.0 0.0 
0.022883281804713898 1.585492303270827 0.7301581460280678 0.0 0.0 
0.21625364330005464 0.0 0.0 0.0 0.0 
0.19935351333375528 0.0 0.0 0.0 0.0 
0.021447964809818833 0.0 0.0 0.0 0.0 
0.9406145360307214 0.0 0.0 0.0 0.0 
0.18680729282647263 0.0 0.0 0.0 0.0 
0.15819915935719026 0.0 0.0 0.0 0.0 
0.5650657739922474 0.0 0.0 0.0 0.0 
1.4438596184874224 0.0 0.0 0.0 0.0 
0.20633587342196016 0.0 0.0 0.0 0.0 
0.015440924187792542 0.0 0.0 0.0 0.0 
0.10384532026098871 0.0 0.0 0.0 0.0 
0.04902398503644404 0.0 0.0 0.0 0.0 
0.02745502050743747 0.0 0.0 0.0 0.0 
0.2358474409079772 0.10880820984445082 0.0 0.0 0.0 
0.10406310528295802 0.0 0.0 0.0 0.0 
1.444303162514666 0.0 0.0 0.0 0.0 
0.15147425118950275 0.0 0.0 0.0 0.0 
0.007514866391856309 0.0 0.0 0.0 0.0 
0.1326065503905765 0.0 0.0 0.0 0.0 
1.3514644598535779 0.0 0.0 0.0 0.0 
0.2626008383230126 0.0 0.0 0.0 0.0 
0.14419355718949023 0.0 0.0 0.0 0.0 
0.5480924309193392 0.0 0.0 0.0 0.0 
0.15435280288038644 0.0 0.0 0.0 0.0 
0.08110721068172208 0.0 0.0 0.0 0.0 
0.2566019626417942 0.0 0.0 0.0 0.0 
0.12276155642691314 0.0 0.0 0.0 0.0 
0.08350216219502006 0.0 0.0 0.0 0.0 
0.38480557372692725 0.0 0.0 0.0 0.0 
0.21712443765434766 0.0 0.0 0.0 0.0 
0.5023663894970646 0.0 0.0 0.0 0.0 
0.559904986670274 0.0 0.0 0.0 0.0 
0.7532191011306182 0.0 0.0 0.0 0.0 
0.14178259308554317 0.0 0.0 0.0 0.0 
0.08321171784320039 0.0 0.0 0.0 0.0 
0.16743936136103382 0.0 0.0 0.0 0.0 
0.01689229668852286 0.0 0.0 0.0 0.0 
1.0882344879163397 0.0 0.0 0.0 0.0 
0.04651639442595466 0.0 0.0 0.0 0.0 
0.04734681533893887 0.0 0.0 0.0 0.0 
0.8076855287705249 0.0 0.0 0.0 0.0 
0.26066551518742687 0.0 0.0 0.0 0.0 
0.14025870397056986 0.0 0.0 0.0 0.0 
0.2905636982489174 0.0 0.0 0.0 0.0 
0.14547548606262808 0.0 0.0 0.0 0.0 
0.8623052520685558 0.0 0.0 0.0 0.0 
0.26378618089118777 0.0 0.0 0.0 0.0 
0.1327518489494875 0.0 0.0 0.0 0.0 
0.05008828888989924 0.0 0.0 0.0 0.0 
0.17801820742040572 0.0 0.0 0.0 0.0 
0.06869807725921424 0.0 0.0 0.0 0.0 
0.27561481928402404 0.0 0.0 0.0 0.0 
0.38250777304927286 0.0 0.0 0.0 0.0 
0.03674376833068992 0.0 0.0 0.0 0.0 
0.10078952382599966 0.0 0.0 0.0 0.0 
0.12505961238459767 0.0 0.0 0.0 0.0 
0.12202792483686845 0.0 0.0 0.0 0.0 
0.11220684779792257 0.0 0.0 0.0 0.0 
0.1144160723353407 0.0 0.0 0.0 0.0 
0.6684994210332252 0.0 0.0 0.0 0.0 
1.6206366081692678 0.0 0.0 0.0 0.0 
0.23455706065777718 0.0 0.0 0.0 0.0 
0.006127991094279083 0.0 0.0 0.0 0.0 
0.2650518301346843 0.0 0.0 0.0 0.0 
0.7723529635222726 0.0 0.0 0.0 0.0 
0.8926226300655921 0.0 0.0 0.0 0.0 
0.5037855635476889 0.0 0.0 0.0 0.0 
0.08421158057470597 0.0 0.0 0.0 0.0 
0.06282006561685255 0.0 0.0 0.0 0.0 
1.098442823756032 0.0 0.0 0.0 0.0 
0.26378618089118777 0.0 0.0 0.0 0.0 
0.21189981524923648 0.0 0.0 0.0 0.0 
0.9793178027168634 0.0 0.0 0.0 0.0 
0.2978529602105728 0.0 0.0 0.0 0.0 
1.2447885232601288 0.0 0.0 0.0 0.0 
1.2404105622011028 0.0 0.0 0.0 0.0 
0.08667897342478921 0.0 0.0 0.0 0.0 
0.3909983918783197 0.0 0.0 0.0 0.0 
0.15853782349360865 0.0 0.0 0.0 0.0 
0.13904110868015632 0.0 0.0 0.0 0.0 
0.14601580433721884 0.0 0.0 0.0 0.0 
0.13585621090265945 0.0 0.0 0.0 0.0 
0.36741354065031245 0.0 0.0 0.0 0.0 
0.841945947440174 0.0 0.0 0.0 0.0 
0.048862820924161186 0.0 0.0 0.0 0.0 
0.16497220690631734 0.0 0.0 0.0 0.0 
0.08299397000769217 0.0 0.0 0.0 0.0 
0.20178853406290878 0.0 0.0 0.0 0.0 
0.1373960439640847 0.0 0.0 0.0 0.0 
0.26378618089118777 0.0 0.0 0.0 0.0 
1.1834443792385623 0.0 0.0 0.0 0.0 
0.18795196245157123 0.0 0.0 0.0 0.0 
1.403237873127529 0.0 0.0 0.0 0.0 
0.08179267846786761 0.0 0.0 0.0 0.0 
0.033720105018240125 0.0 0.0 0.0 3.0 
0.0822039536922409 0.0 0.0 0.0 0.0 
0.12202792483686845 0.0 0.0 0.0 0.0 
0.07476163125170167 0.0 0.0 0.0 0.0 
0.3306537787242198 0.0 0.0 0.0 0.0 
0.5495437129665155 0.0 0.0 0.0 0.0 
0.074963063276147 0.0 0.0 0.0 0.0 
0.38940186252924636 0.0 0.0 0.0 0.0 
0.1226889212180105 0.0 0.0 0.0 0.0 
1.1071749555843415 0.0 0.0 0.0 0.0 
0.17288222346797907 0.0 0.0 0.0 0.0 
0.15126485925230532 0.0 0.0 0.0 0.0 
0.047024322287896984 0.0 0.0 0.0 0.0 
0.09279089192756174 0.0 0.0 0.0 0.0 
0.11836716397728328 0.0 0.0 0.0 0.0 
0.12857501639298144 0.0 0.0 0.0 0.0 
0.8012189760538553 0.0 0.0 0.0 0.0 
0.09747566842664193 0.0 0.0 0.0 0.0 
0.17629272245955044 0.0 0.0 0.0 0.0 
0.1357835646383224 0.0 0.0 0.0 0.0 
0.11623836470984632 0.0 0.0 0.0 0.0 
0.104014827206069 0.0 0.0 0.0 0.0 
0.793857045716994 0.0 0.0 0.0 0.0 
0.7087992110382034 0.0 0.0 0.0 0.0 
0.1197217109736525 0.0 0.0 0.0 0.0 
0.05362808802078934 0.0 0.0 0.0 0.0 
0.14461274006456223 0.0 0.0 0.0 0.0 
0.07366493939769281 0.0 0.0 0.0 0.0 
0.653260029373827 0.0 0.0 0.0 0.0 
0.059828558542850296 0.0 0.0 0.0 0.0 
0.01573926654193184 0.0 0.0 0.0 0.0 
1.000346300225435 0.0 0.0 0.0 0.0 
0.04175106903703617 0.0 0.0 0.0 0.0 
0.825150164291755 0.0 0.0 0.0 0.0 
0.7208776469708097 0.0 0.0 0.0 0.0 
0.14319350470652914 0.0 0.0 0.0 0.0 
0.6636937222029979 0.0 0.0 0.0 0.0 
0.7347058767543893 0.0 0.0 0.0 0.0 
0.1615934752029113 0.0 0.0 0.0 0.0 
0.049709323474007375 0.0 0.0 0.0 0.0 
0.21661637109695583 0.0 0.0 0.0 0.0 
0.06556964461028304 0.0 0.0 0.0 0.0 
0.02319769132314653 0.0 0.0 0.0 0.0 
0.05422469956219315 0.0 0.0 0.0 0.0 
0.5976243277370937 0.0 0.0 0.0 0.0 
0.21528613198566532 0.0 0.0 0.0 0.0 
0.7395598868278087 0.0 0.0 0.0 0.0 
0.14545131486291987 0.0 0.0 0.0 0.0 
0.25084470448394547 0.0 0.0 0.0 0.0 
0.6337150123625377 0.0 0.0 0.0 0.0 
0.20435250638368624 0.0 0.0 0.0 0.0 
0.19298330269745262 0.0 0.0 0.0 0.0 
0.7362298784337852 0.0 0.0 0.0 0.0 
0.16294837798325956 0.0 0.0 0.0 0.0 
0.7830283361872618 0.0 0.0 0.0 0.0 
0.3678809911498628 0.0 0.0 0.0 0.0 
0.2850483028440736 0.0 0.0 0.0 0.0 
0.07913175501279293 0.0 0.0 0.0 0.0 
0.10115233504117847 0.0 0.0 0.0 0.0 
0.15634446953475978 0.0 0.0 0.0 0.0 
0.03454252380681368 0.0 0.0 0.0 0.0 
0.3363783389273365 0.0 0.0 0.0 0.0 
0.8889461312926503 0.0 0.0 0.0 0.0 
0.1445320755951827 0.0 0.0 0.0 0.0 
0.04325072866001093 0.0 0.0 0.0 0.0 
0.01741638558544677 0.1347148803430671 0.0 0.0 0.0 
0.0420412374050122 0.0 0.0 0.0 0.0 
0.09010582440884506 0.0 0.0 0.0 0.0 
0.029236955521266095 0.0 0.0 0.0 0.0 
0.05166868614912832 0.0 0.0 0.0 0.0 
0.011369041874875896 0.0 0.0 0.0 0.0 
0.19890191894020556 0.0 0.0 0.0 0.0 
0.08945258833961266 0.0 0.0 0.0 0.0 
0.7351979742393416 0.0 0.0 0.0 0.0 
0.15072444851408154 0.0 0.0 0.0 0.0 
0.10155550160695531 0.0 0.0 0.0 0.0 
0.3045936193571305 0.0 0.0 0.0 0.0 
0.10167643800865525 0.0 0.0 0.0 0.0 
0.11590792229896693 0.0 0.0 0.0 0.0 
0.3989324168232924 0.0 0.0 0.0 0.0 
0.02551182590257453 0.0 0.0 0.0 0.0 
0.053450597042009204 0.0 0.0 0.0 0.0 
0.8598381173126133 0.0 0.0 0.0 0.0 
0.30348878145705616 0.0 0.0 0.0 0.0 
0.05507939720403185 0.0 0.0 0.0 0.0 
0.990485104020171 0.0 0.0 0.0 0.0 
0.22689709591087612 0.0 0.0 0.0 0.0 
0.7203132348845513 0.0 0.0 0.0 0.0 
1.0695765820754457 0.0 0.0 0.0 0.0 
0.29012804679678017 0.0 0.0 0.0 0.0 
0.023745992626397646 0.0 0.0 0.0 0.0 
0.16057766571084314 0.0 0.0 0.0 0.0 
0.38091126782114726 0.0 0.0 0.0 0.0 
0.17017301188562045 0.0 0.0 0.0 0.0 
0.8469527472348389 0.0 0.0 0.0 0.0 
1.4701377055920888 0.0 0.0 0.0 0.0 
0.8741179414897424 0.0 0.0 0.0 0.0 
0.11441606932022225 0.0 0.0 0.0 0.0 
0.2907815556337299 0.0 0.0 0.0 0.0 
0.8472109418795387 0.0 0.0 0.0 0.0 
0.14803946240356353 0.0 0.0 0.0 0.0 
0.10541759298199739 0.0 0.0 0.0 0.0 
0.2730746573537782 0.0 0.0 0.0 0.0 
0.005466828881621371 0.0 0.0 0.0 0.0 
0.9549265727285098 0.0 0.0 0.0 0.0 
0.4920781138214642 0.0 0.0 0.0 0.0 
0.12449499728036263 0.0 0.0 0.0 0.0 
0.08227637583277193 0.0 0.0 0.0 0.0 
0.18811339189427917 0.0 0.0 0.0 0.0 
0.034526459255623025 0.0 0.0 0.0 0.0 
0.12287454648389404 0.0 0.0 0.0 0.0 
0.03795325596754648 0.0 0.0 0.0 0.0 
0.18146134205426087 0.0 0.0 0.0 0.0 
0.12501912838894505 0.0 0.0 0.0 0.0 
0.006386002821791806 0.0 0.0 0.0 0.0 
0.7638300779004347 0.0 0.0 0.0 0.0 
0.11989905521666726 0.0 0.0 0.0 0.0 
0.79442161961461 0.0 0.0 0.0 0.0 
0.03444579880640145 0.0 0.0 0.0 0.0 
0.0047088813661821044 0.0 0.0 0.0 0.0 
0.31278586507782963 0.0 0.0 0.0 0.0 
0.8097818341062458 0.0 0.0 0.0 0.0 
1.2338794447426265 0.0 0.0 0.0 0.0 
0.847138676525168 0.0 0.0 0.0 0.0 
0.20541698189788613 0.0 0.0 0.0 0.0 
1.505470007519995 0.0 0.0 0.0 0.0 
0.49065870177748894 0.0 0.0 0.0 0.0 
0.09704806030553442 0.0 0.0 0.0 0.0 
0.1685036282290358 0.0 0.0 0.0 0.0 
0.09869293305906363 0.0 0.0 0.0 0.0 
0.08740452148222462 0.0 0.0 0.0 0.0 
0.10972330215418157 0.0 0.0 0.0 0.0 
0.14615266960977844 0.0 0.0 0.0 0.0 
0.17089847250462034 0.0 0.0 0.0 0.0 
0.13263896090401475 0.0 0.0 0.0 0.0 
0.10349870847329999 0.0 0.0 0.0 0.0 
0.7066702660400407 0.0 0.0 0.0 0.0 
0.03854184930390781 0.0 0.0 0.0 0.0 
0.8819066397346985 0.0 0.0 0.0 0.0 
0.2626815821905118 0.0 0.0 0.0 0.0 
0.35224708832476626 0.0 0.0 0.0 0.0 
0.20541698189788613 0.0 0.0 0.0 0.0 
0.4171065750473073 0.0 0.0 0.0 0.0 
0.8067825862181003 0.0 0.0 0.0 0.0 
0.26406803517049576 0.0 0.0 0.0 0.0 
0.13415465995219292 0.0 0.0 0.0 0.0 
0.15278075026302584 0.0 0.0 0.0 0.0 
0.7418420390406207 0.0 0.0 0.0 0.0 
0.9895416463158697 0.0 0.0 0.0 0.0 
1.3509080358211771 0.0 0.0 0.0 0.0 
0.5409482303272753 0.0 0.0 0.0 0.0 
0.026350366529589605 0.0 0.0 0.0 0.0 
0.2834520136994381 0.0 0.0 0.0 0.0 
0.14721697627734417 0.0 0.0 0.0 0.0 
0.35705224543870895 0.0 0.0 0.0 0.0 
0.01586827702886985 0.0 0.0 0.0 0.0 
0.08863009879625909 0.0 0.0 0.0 0.0 
0.24015288334268103 0.0 0.0 0.0 0.0 
0.9477101469836547 0.0 0.0 0.0 0.0 
0.07735790493862886 0.0 0.0 0.0 0.0 
1.0701408212949122 0.0 0.0 0.0 0.0 
0.014336278752780336 0.0 0.0 0.0 0.0 
0.995782670181308 0.0 0.0 0.0 0.0 
0.2698251063909996 0.0 0.0 0.0 0.0 
0.8797861290279264 0.0 0.0 0.0 0.0 
0.17685704509729416 0.0 0.0 0.0 0.0 
0.23647630416658 0.0 0.0 0.0 0.0 
0.9112000131476742 0.0 0.0 0.0 0.0 
1.2594637731888911 0.0 0.0 0.0 0.0 
0.11340036636233992 0.0 0.0 0.0 0.0 
0.030478709950913965 0.0 0.0 0.0 0.0 
0.017513158827754456 0.0 0.0 0.0 0.0 
0.037937079856972554 0.0 0.0 0.0 0.0 
0.010320836944961876 0.0 0.0 0.0 0.0 
0.910877591454436 0.0 0.0 0.0 0.0 
0.7834153889549129 0.0 0.0 0.0 0.0 
0.16739114599860885 0.0 0.0 0.0 0.0 
0.007756754069840631 0.0 0.0 0.0 0.0 
0.015311920334115155 0.0 0.0 0.0 0.0 
0.1987327205422484 0.0 0.0 0.0 0.0 
0.04600024634603259 0.0 0.0 0.0 0.0 
0.03938041003171266 0.0 0.0 0.0 0.0 
0.003967069759737207 0.0 0.0 0.0 0.0 
0.0028301644667061802 0.0 0.0 0.0 0.0 
0.22841287636725283 0.0 0.0 0.0 0.0 
0.0091274832070207 0.0 0.0 0.0 0.0 
1.1936685665610736 0.0 0.0 0.0 0.0 
0.22029340153578741 0.0 0.0 0.0 0.0 
2.86569944288734 0.0 0.0 0.0 0.0 
0.5517775016740819 0.0 0.0 0.0 0.0 
0.0011288402531483598 0.0 0.0 0.0 0.0 
1.6161450103103496 0.0 0.0 0.0 0.0 
1.3844346466168556 0.0 0.0 0.0 0.0 
1.0192463251044033 0.0 0.0 0.0 0.0 
0.1243338854301332 0.0 0.0 0.0 0.0 
0.11187622196733646 0.0 0.0 0.0 0.0 
0.33753941823418615 0.0 0.0 0.0 0.0 
0.22228490537376352 0.0 0.0 0.0 0.0 
0.13787984786317484 0.0 0.0 0.0 0.0 
0.4813696783724088 0.0 0.0 0.0 0.0 
0.9635783265236944 0.0 0.0 0.0 0.0 
0.016223041897900487 0.0 0.0 0.0 0.0 
1.009207976618667 0.0 0.0 0.0 0.0 
0.011352909986039479 0.0 0.0 0.0 0.0 
0.21058551435567285 0.0 0.0 0.0 0.0 
1.3172923624461501 0.0 0.0 0.0 0.0 
1.765587403316318 0.0 0.0 0.0 0.0 
1.2624469766266362 0.0 0.0 0.0 0.0 
1.1816542039059643 0.0 0.0 0.0 0.0 
0.2690674031001561 0.0 0.0 0.0 0.0 
0.9728674110351755 0.0 0.0 0.0 0.0 
2.960876925706203 0.0 0.0 0.0 0.0 
1.024156801311428 0.0 0.0 0.0 0.0 
0.8876565802000285 0.0 0.0 0.0 0.0 
1.0408555022684005 0.0 0.0 0.0 0.0 
0.9700288820268189 0.0 0.0 0.0 0.0 
1.588955938327269 0.0 0.0 0.0 0.0 
1.9249956814608722 0.0 0.0 0.0 0.0 
0.7267476142771022 0.0 0.0 0.0 0.0 
0.19920024481169724 0.0 0.0 0.0 0.0 
0.0868884779264094 0.0 0.0 0.0 0.0 
1.3776369745952108 0.0 0.0 0.0 0.0 
0.4977865069593624 0.0 0.0 0.0 0.0 
0.05418437978999305 0.0 0.0 0.0 0.0 
1.3423042877371802 0.0 0.0 0.0 0.0 
0.18025993694497403 0.0 0.0 0.0 0.0 
0.21088384093069215 0.0 0.0 0.0 0.0 
0.2673093558648998 0.0 0.0 0.0 0.0 
0.691914812955024 0.0 0.0 0.0 0.0 
0.4163489169832408 0.0 0.0 0.0 0.0 
1.1377987027838996 0.0 0.0 0.0 0.0 
0.7883822418470281 0.0 0.0 0.0 0.0 
0.023834672285701183 0.0 0.0 0.0 0.0 
0.12377765436531464 0.0 0.0 0.0 0.0 
0.04611314986911351 0.0 0.0 0.0 0.0 
0.6252002816311126 0.0 0.0 0.0 0.0 
0.13997649692240124 0.0 0.0 0.0 0.0 
0.7465023398130277 0.0 0.0 0.0 0.0 
0.20036933187117884 0.0 0.0 0.0 0.0 
1.2246308381965607 0.0 0.0 0.0 0.0 
0.03860631856696311 0.0 0.0 0.0 0.0 
0.1808403291591059 0.0 0.0 0.0 0.0 
0.1251806687880126 0.0 0.0 0.0 0.0 
0.09738667418997833 0.0 0.0 0.0 0.0 
1.24890096394162 0.0 0.0 0.0 0.0 
1.1677533620293903 0.0 0.0 0.0 0.0 
0.8604668235840477 0.0 0.0 0.0 0.0 
0.21098034180729835 0.0 0.0 0.0 0.0 
0.46733984470263124 0.0 0.0 0.0 0.0 
0.2656001475185673 0.0 0.0 0.0 0.0 
0.09817691261915666 0.0 0.0 0.0 0.0 
0.012989739408538977 0.0 0.0 0.0 0.0 
0.3260740549827569 0.0 0.0 0.0 0.0 
0.6448905429291804 0.0 0.0 0.0 0.0 
0.4942305938293388 0.1347148803430671 0.0 0.0 0.0 
0.006893986965945501 0.0 0.0 0.0 0.0 
0.029349846581857353 0.0 0.0 0.0 0.0 
0.029873968645084396 0.0 0.0 0.0 0.0 
0.023367011330881846 0.0 0.0 0.0 0.0 
0.07193939996369722 0.0 0.0 0.0 0.0 
0.11741564183612296 0.0 0.0 0.0 0.0 
0.31486639933389093 0.0 0.0 0.0 0.0 
0.40041644607213567 0.0 0.0 0.0 0.0 
0.3887809039062238 0.0 0.0 0.0 0.0 
0.1438789748042655 0.0 0.0 0.0 0.0 
0.39890810592309517 0.0 0.0 0.0 0.0 
0.20145001063201884 0.0 0.0 0.0 0.0 
0.017319644504402727 0.0 0.0 0.0 0.0 
0.40565762750786605 0.0 0.0 0.0 0.0 
0.15995683774295413 0.0 0.0 0.0 0.0 
0.01261883360531653 0.0 0.0 0.0 0.0 
0.3646557926959161 0.0 0.0 0.0 0.0 
0.1899113974895354 0.0 0.0 0.0 0.0 
0.8876073382902697 0.0 0.0 0.0 0.0 
0.8906552109939281 0.0 0.0 0.0 0.0 
0.22599413526774062 0.0 0.0 0.0 0.0 
0.0014997455538510636 0.0 0.0 0.0 0.0 
0.1808403291591059 0.0 0.0 0.0 0.0 
0.8120399970314973 0.0 0.0 0.0 0.0 
1.2903458175471765 0.0 0.0 0.0 0.0 
0.0050797835512623925 0.0 0.0 0.0 0.0 
0.3605924598519158 0.0 0.0 0.0 0.0 
0.6007852693933331 0.0 0.0 0.0 0.0 
0.7291183295646371 0.0 0.0 0.0 0.0 
0.1438467341425009 0.0 0.0 0.0 0.0 
0.08042989014768942 0.0 0.0 0.0 0.0 
0.8850110471156554 0.0 0.0 0.0 0.0 
0.8906875189933384 0.0 0.0 0.0 0.0 
1.1195118524971122 0.0 0.0 0.0 0.0 
0.2213818341762843 0.0 0.0 0.0 0.0 
0.7242802463519982 0.0 0.0 0.0 0.0 
0.3678492499927242 0.0 0.0 0.0 0.0 
1.0956367092812715 0.0 0.0 0.0 0.0 
0.8799314760297408 0.0 0.0 0.0 0.0 
0.2771388169432621 0.0 0.0 0.0 0.0 
0.6930760496510576 0.0 0.0 0.0 0.0 
1.2004977325001427 0.0 0.0 0.0 0.0 
0.14471745814402967 0.0 0.0 0.0 0.0 
0.177187858367745 0.0 0.0 0.0 0.0 
1.5337078743911698 0.0 0.0 0.0 0.0 
0.22796156539483903 0.0 0.0 0.0 0.0 
0.5024146751117498 0.0 0.0 0.0 0.0 
0.00319300804415653 0.0 0.0 0.0 0.0 
0.012497882128024251 0.4352334852120112 0.0 0.0 0.0 
0.844050309775462 0.0 0.0 0.0 0.0 
1.1582629600679655 0.0 0.0 0.0 0.0 
0.6941804895554943 0.0 0.0 0.0 0.0 
0.4031574701694366 0.0 0.0 0.0 0.0 
1.7384549009859094 0.0 0.0 0.0 0.0 
0.14866830958153446 0.0 0.0 0.0 0.0 
1.012537807120701 0.0 0.0 0.0 0.0 
0.11124729870787618 0.0 0.0 0.0 0.0 
0.04321848598816737 0.0 0.0 0.0 0.0 
0.12815565361584094 0.0 0.0 0.0 0.0 
0.6342955372418823 0.0 0.0 0.0 0.0 
0.6171694532926476 0.0 0.0 0.0 0.0 
0.13924252864412776 0.0 0.0 0.0 0.0 
0.12172134558109388 0.0 0.0 0.0 0.0 
0.10324047242097334 0.0 0.0 0.0 0.0 
0.07863189359778856 0.0 0.0 0.0 0.0 
0.1372992988628827 0.0 0.0 0.0 0.0 
0.285338690913682 0.0 0.0 0.0 0.0 
0.05905461280882663 0.0 0.0 0.0 0.0 
0.8029444419189604 0.0 0.0 0.0 0.0 
0.0368486220904884 0.0 0.0 0.0 0.0 
1.3858615745471365 0.0 0.0 0.0 0.0 
0.6618231135601027 0.0 0.0 0.0 0.0 
0.6488092079770529 0.0 0.0 0.0 0.0 
0.35067452112718717 0.0 0.0 0.0 0.0 
0.9228756694547068 0.0 0.0 0.0 0.0 
0.14674923190424727 0.0 0.0 0.0 0.0 
1.041823282933373 0.0 0.19841260419807544 0.0 0.0 
0.2808393502305417 0.0 0.0 0.0 0.0 
0.784318519449722 0.0 0.0 0.0 0.0 
0.769304880765361 0.0 0.0 0.0 0.0 
0.1537483500208902 0.0 0.0 0.0 0.0 
0.17517196473397184 0.0 0.0 0.0 0.0 
0.1553445959488277 0.0 0.0 0.0 0.0 
0.19714399733488533 0.0 0.0 0.0 0.0 
0.017061650867600805 0.0 0.0 0.0 0.0 
1.320179047921618 0.0 0.0 0.0 0.0 
0.21915627071189508 0.0 0.0 0.0 0.0 
0.8977830656237443 0.0 0.0 0.0 0.0 
0.09413728403351794 0.0 0.0 0.0 0.0 
1.4624855932187144 0.0 0.0 0.0 0.0 
0.20919022778210905 0.0 0.0 0.0 0.0 
0.8377932474898597 0.0 0.0 0.0 0.0 
0.7986385974684609 0.0 0.0 0.0 0.0 
0.001959346996504922 0.0 0.0 0.0 0.0 
0.030769002541770823 0.0 0.0 0.0 0.0 
0.15331264218603768 0.0 0.0 0.0 0.0 
0.13733152243897598 0.0 0.0 0.0 0.0 
0.025382798932988903 0.0 0.0 0.0 0.0 
0.6289255027083976 0.0 0.0 0.0 0.0 
0.10914286833141484 0.0 0.0 0.0 0.0 
0.20426401667684607 0.0 0.0 0.0 0.0 
0.024334608073627726 0.0 0.0 0.0 0.0 
0.11340028796925977 0.0 0.0 0.0 0.0 
1.08351769688938 0.0 0.0 0.0 0.0 
0.7982597005962622 0.0 0.0 0.0 0.0 
0.2132380182934371 0.0 0.0 0.0 0.0 
0.955434605114559 0.0 0.0 0.0 0.0 
0.06207009107967877 0.0 0.0 0.0 0.0 
0.22034991591128808 0.0 0.0 0.0 0.0 
0.5579294378341841 0.0 0.0 0.0 0.0 
0.46911399066042075 0.0 0.0 0.0 0.0 
0.7695631166166798 0.0 0.0 0.0 0.0 
0.8054116229067192 0.0 0.0 0.0 0.0 
0.3530045634716455 0.0 0.0 0.0 0.0 
0.04750803372335413 0.0 0.0 0.0 0.0 
0.03154302365375615 0.0 0.0 0.0 0.0 
1.1012646831794255 0.0 0.0 0.0 0.0 
0.20615865279880255 0.0 0.0 0.0 0.0 
0.8756983600558087 0.0 0.0 0.0 0.0 
0.07994622795916721 0.0 0.0 0.0 0.0 
0.11147331470174777 0.0 0.0 0.0 0.0 
0.9552166663215478 0.0 0.0 0.0 0.0 
0.16924550667060673 0.0 0.0 0.0 0.0 
0.117173731846262 0.0 0.0 0.0 0.0 
0.06197339542641962 0.0 0.0 0.0 0.0 
0.12060882716924534 0.0 0.0 0.0 0.0 
0.13313882734421653 0.0 0.0 0.0 0.0 
0.0941452916856458 0.0 0.0 0.0 0.0 
0.13841211275634102 0.0 0.0 0.0 0.0 
1.10553809098546 0.0 0.0 0.0 0.0 
0.06353772009414213 0.0 0.0 0.0 0.0 
0.2367984313832479 0.0 0.0 0.0 0.0 
0.2926603995701972 0.0 0.0 0.0 0.0 
0.09598384811168059 0.0 0.0 0.0 0.0 
0.2498287964980074 0.0 0.0 0.0 0.0 
0.2214786295294608 0.0 0.0 0.0 0.0 
0.08792877822074319 0.0 0.0 0.0 0.0 
0.06345702748365693 0.0 0.0 0.0 0.0 
0.0903073730178711 0.0 0.0 0.0 0.0 
0.22796958460492098 0.0 0.0 0.0 0.0 
0.07963164255882402 0.0 0.0 0.0 0.0 
0.019029050843514524 0.0 0.0 0.0 0.0 
0.07792224727514659 0.0 0.0 0.0 0.0 
0.14550763928595714 0.0 0.0 0.0 0.0 
0.12208414373075932 0.0 0.0 0.0 0.0 
1.999354388361314 0.0 0.0 0.0 0.0 
0.7826816990725779 0.0 0.0 0.0 0.0 
0.2529251824577954 0.0 0.0 0.0 0.0 
0.45790600133844456 0.0 0.0 0.0 0.0 
0.020061136146073893 0.0 0.0 0.0 0.0 
0.48540159760163987 0.0 0.0 0.0 0.0 
0.23002578866402695 0.0 0.0 0.0 0.0 
0.039106302596785124 0.0 0.0 0.0 0.0 
0.24505511219565973 0.0 0.0 0.0 0.0 
0.0044347357397539885 0.0 0.0 0.0 0.0 
0.19478169241880147 0.0 0.0 0.0 0.0 
0.6481319520670594 0.0 0.0 0.0 0.0 
0.7852216167782278 0.0 0.0 0.0 0.0 
0.5037852992223033 0.0 0.0 0.0 0.0 
0.18467864330991948 0.0 0.0 0.0 0.0 
0.09484678362039453 0.0 0.0 0.0 0.0 
0.2201806612311195 0.0 0.0 0.0 0.0 
0.6844162555399621 0.0 0.0 0.0 0.0 
0.18558133761759035 0.0 0.0 0.0 0.0 
0.06637582799095282 0.0 0.0 0.0 0.0 
0.7371329458121145 0.0 0.0 0.0 0.0 
0.035364929931889666 0.0 0.0 0.0 0.0 
0.20867450704497761 0.0 0.0 0.0 0.0 
0.11925408620025477 0.0 0.0 0.0 0.0 
0.1035308645107396 0.0 0.0 0.0 0.0 
0.07759975904829423 0.0 0.0 0.0 0.0 
0.7031869961592355 0.0 0.0 0.0 0.0 
0.7012357602334219 0.0 0.0 0.0 0.0 
0.21617329039291666 0.0 0.0 0.0 0.0 
1.152320550520352 0.0 0.0 0.0 0.0 
0.16937448489577717 0.0 0.0 0.0 0.0 
0.07801914112219295 0.0 0.0 0.0 0.0 
0.054885938157852004 0.0 0.0 0.0 0.0 
0.07501964900945132 0.0 0.0 0.0 0.0 
0.10570805190688967 0.0 0.0 0.0 0.0 
0.9059751183768615 0.0 0.0 0.0 0.0 
1.2613985797341798 0.0 0.0 0.0 0.0 
0.1310745646774806 0.0 0.0 0.0 0.0 
0.0766000092832272 0.0 0.0 0.0 0.0 
0.9063622917492514 0.0 0.0 0.0 0.0 
0.022133341438882737 0.0 0.0 0.0 0.0 
0.08526794722930148 0.0 0.0 0.0 0.0 
1.0551434300789286 0.0 0.0 0.0 0.0 
0.03193009451211815 0.0 0.0 0.0 0.0 
1.3640347942733178 0.0 0.0 0.0 0.0 
0.10178924163081096 0.0 0.0 0.0 0.0 
0.006321498181346495 0.0 0.0 0.0 0.0 
0.19365284995456622 0.0 0.0 0.0 0.0 
0.14892651528166853 0.0 0.0 0.0 0.0 
0.15597356172145835 0.0 0.0 0.0 0.0 
0.08799318939251605 0.0 0.0 0.0 0.0 
0.3070850820989414 0.0 0.0 0.0 0.0 
0.8480415768659341 0.0 0.0 0.0 0.0 
0.060860645654480745 0.0 0.0 0.0 0.0 
0.17107584589378028 0.0 0.0 0.0 0.0 
0.4644942743876153 0.0 0.0 0.0 0.0 
0.6555343694146918 0.0 0.0 0.0 0.0 
0.8685623143541579 0.0 0.0 0.0 0.0 
0.0728343926537646 0.0 0.0 0.0 0.0 
0.10607071688882283 0.0 0.0 0.0 0.0 
1.524611923293074 0.0 0.0 0.0 0.0 
0.7238934428341405 0.0 0.0 0.0 0.0 
0.01881938654061558 0.0 0.0 0.0 0.0 
0.08872712631355746 0.0 0.0 0.0 0.0 
0.07324564576726914 0.0 0.0 0.0 0.0 
0.09401631848567282 0.0 0.0 0.0 0.0 
0.09781410039893837 0.0 0.0 0.0 0.0 
0.14610445183525875 0.0 0.0 0.0 0.0 
0.8741178289253196 0.0 0.0 0.0 0.0 
0.08227649241735265 0.0 0.0 0.0 0.0 
0.17863923237603452 0.0 0.0 0.0 0.0 
0.20738425423378476 0.0 0.0 0.0 0.0 
0.8906232205869962 0.0 0.0 0.0 0.0 
0.002144798491060861 0.0 0.0 0.0 0.0 
0.168141045157821 0.0 0.0 0.0 0.0 
0.9809785802203046 0.0 0.0 0.0 0.0 
0.16455273558491204 0.0 0.0 0.0 0.0 
0.5772568117350799 0.0 0.0 0.0 0.0 
0.21244797785703814 0.0 0.0 0.0 0.0 
0.08087350754281565 0.0 0.0 0.0 0.0 
0.21378655879608657 0.0 0.0 0.0 0.0 
0.13713835384920847 0.0 0.0 0.0 0.0 
0.06490837134076181 0.0 0.0 0.0 0.0 
0.184807408969238 0.0 0.0 0.0 0.0 
1.1928781693356563 0.0 0.0 0.0 0.0 
0.9252950648349263 0.0 0.0 0.0 0.0 
1.4725081515290406 0.0 0.0 0.0 0.0 
1.4089139431904245 0.0 0.0 0.0 0.0 
1.026406218383047 0.0 0.0 0.0 0.0 
1.1580453137414453 0.0 0.0 0.0 0.0 
0.047814502424784924 0.0 0.0 0.0 0.0 
0.011078763354571875 0.0 0.0 0.0 0.0 
0.2715427379732886 0.0 0.0 0.0 0.0 
0.02741471540881391 0.0 0.0 0.0 0.0 
0.8161034058564831 0.0 0.0 0.0 0.0 
0.04321850307383868 0.0 0.0 0.0 0.0 
0.35503643874085156 0.0 0.0 0.0 0.0 
0.15278867901955384 0.0 0.0 0.0 0.0 
0.0026124614559591757 0.0 0.0 0.0 0.0 
0.39731183587421 0.0 0.0 0.0 0.0 
0.11901208073164235 0.0 0.0 0.0 0.0 
1.096265526308058 0.0 0.0 0.0 0.0 
0.5694599332727158 0.0 0.0 0.0 0.0 
0.0673273290262839 0.0 0.0 0.0 0.0 
0.20951290204177075 0.0 0.0 0.0 0.0 
0.2119642481298623 0.0 0.0 0.0 0.0 
0.7945909305769899 0.0 0.0 0.0 0.0 
0.11778638281286924 0.0 0.0 0.0 0.0 
0.886236657394985 0.0 0.0 0.0 0.0 
0.25969796668657635 0.0 0.0 0.0 0.0 
0.17130985325814 0.0 0.0 0.0 0.0 
1.4352561910110226 0.0 0.0 0.0 0.0 
0.18247728521658102 0.0 0.0 0.0 0.0 
0.9401629999294624 0.0 0.0 0.0 0.0 
0.17648641970008913 0.0 0.0 0.0 0.0 
0.10917502708246106 0.0 0.0 0.0 0.0 
0.5231370034206582 0.0 0.0 0.0 0.0 
0.7108311234938707 0.0 0.0 0.0 0.0 
0.2651166632220346 0.0 0.0 0.0 0.0 
0.20633601412748864 0.0 0.0 0.0 0.0 
1.3707350166610788 0.0 0.0 0.0 0.0 
1.492569019128563 0.0 0.0 0.0 0.0 
0.09022677186597938 0.0 0.0 0.0 0.0 
1.024882564447314 0.0 0.0 0.0 0.0 
1.4146470371838413 0.0 0.0 0.0 0.0 
0.2554566909980418 0.0 0.0 0.0 0.0 
0.07405206935237676 0.0 0.0 0.0 0.0 
0.6439713418529437 0.0 0.0 0.0 0.0 
0.2302837654161655 0.0 0.0 0.0 0.0 
0.10203930249092696 0.0 0.0 0.0 0.0 
0.10224089431665101 0.0 0.0 0.0 0.0 
0.010062805116659372 0.0 0.0 0.0 0.0 
0.07437459858484025 0.0 0.0 0.0 0.0 
0.32647689692077875 0.0 0.0 0.0 0.0 
0.23989503041140753 0.0 0.0 0.0 0.0 
0.3424016420933327 0.0 0.0 0.0 0.0 
0.1775988838398053 0.0 0.0 0.0 0.0 
0.3407810239577892 0.0 0.0 0.0 0.0 
0.1219633329589955 0.0 0.0 0.0 0.0 
0.03502630157487709 0.0 0.0 0.0 0.0 
1.3107293480494144 0.0 0.0 0.0 0.0 
0.03632449399702442 0.0 0.0 0.0 0.0 
1.094910996799376 0.0 0.0 0.0 0.0 
0.07266520732132077 0.0 0.0 0.0 0.0 
0.1757604809838044 0.0 0.0 0.0 0.0 
0.16898774067524905 0.0 0.0 0.0 0.0 
0.9512742893770135 0.0 0.0 0.0 0.0 
0.02864029674300631 0.0 0.0 0.0 0.0 
0.05228953120268861 0.0 0.0 0.0 0.0 
1.0137636176038969 0.0 0.0 0.0 0.0 
0.5546642585073532 0.0 0.0 0.0 0.0 
0.8479852946545554 0.0 0.0 0.0 0.0 
0.9258428033160636 0.0 0.0 0.0 0.0 
0.14574148483895916 0.0 0.0 0.0 0.0 
0.1772279242669702 0.0 0.0 0.0 0.0 
0.04204124403827283 0.0 0.0 0.0 0.0 
1.1474422516576042 0.0 0.0 0.0 0.0 
0.06982686726038816 0.0 0.0 0.0 0.0 
0.6919792570920918 0.0 0.0 0.0 0.0 
0.00012901088895380622 0.0 0.0 0.0 0.0 
0.1107876757573773 0.0 0.0 0.0 0.0 
0.04378288500891228 0.0 0.0 0.0 0.0 
0.017642205898129863 0.0 0.0 0.0 0.0 
0.0551519690954467 0.0 0.0 0.0 0.0 
0.1341063969508962 0.0 0.0 0.0 0.0 
0.7452041765370255 0.0 0.0 0.0 0.0 
0.7364235093417179 0.0 0.0 0.0 0.0 
0.1909999879212321 0.0 0.0 0.0 0.0 
0.29898154719377007 0.0 0.0 0.0 0.0 
0.12772041523493366 0.0 0.0 0.0 0.0 
0.09598374760773173 0.0 0.0 0.0 0.0 
0.27358278923873675 0.0 0.0 0.0 0.0 
3.225262173450266e-05 0.0 0.0 0.0 0.0 
1.0982006695415754 0.0 0.0 0.0 0.0 
0.06115095935116688 0.0 0.0 0.0 0.0 
0.07005267149243942 0.0 0.0 0.0 0.0 
2.316832818994263 0.0 0.0 0.0 0.0 
0.5168074260283722 0.0 0.0 0.0 0.0 
0.06240880345799263 0.0 0.0 0.0 0.0 
0.22776787317949782 0.0 0.0 0.0 0.0 
0.1420404942587121 0.0 0.0 0.0 0.0 
0.3122373105046273 0.0 0.0 0.0 0.0 
1.1234060679493383 0.0 0.0 0.0 0.0 
0.6286352191628963 0.0 0.0 0.0 0.0 
0.03438935578870455 0.0 0.0 0.0 0.0 
0.23004167753431495 0.0 0.0 0.0 0.0 
0.17438203284183768 0.0 0.0 0.0 0.0 
0.21516535136508616 0.0 0.0 0.0 0.0 
1.0865896995861277 0.0 0.0 0.0 0.0 
0.029027335440104662 0.0 0.0 0.0 0.0 
0.1440723645027206 0.0 0.0 0.0 0.0 
0.2388627603825901 0.0 0.0 0.0 0.0 
0.503253720771108 0.0 0.0 0.0 0.0 
1.742857260383568 0.0 0.0 0.0 0.0 
0.4104546598825805 0.0 0.0 0.0 0.0 
1.2924583633159992 0.0 0.0 0.0 0.0 
0.9424126833365458 0.0 0.0 0.0 0.0 
1.093363062717654 0.0 0.0 0.0 0.0 
0.07856735357995324 0.0 0.0 0.0 0.0 
0.13175197837867392 0.0 0.0 0.0 0.0 
0.09792696030330544 0.0 0.0 0.0 0.0 
0.04910460427904657 0.0 0.0 0.0 0.0 
0.09211342495927549 0.0 0.0 0.0 0.0 
0.12844615123475356 0.0 0.0 0.0 0.0 
1.0305348643212573 0.0 0.0 0.0 0.0 
1.373670135994556 0.0 0.0 0.0 0.0 
0.08166369773009848 0.0 0.0 0.0 0.0 
0.2515943081615479 0.0 0.0 0.0 0.0 
0.24818394887046544 0.0 0.0 0.0 0.0 
0.08966237184019496 0.0 0.0 0.0 0.0 
0.13733179982987495 0.0 0.0 0.0 0.0 
0.7285537174755204 0.0 0.0 0.0 0.0 
0.12317265235224165 0.0 0.0 0.0 0.0 
0.2736634707937876 0.0 0.0 0.0 0.0 
0.07830133007965076 0.0 0.0 0.0 0.0 
1.1335901793222296 0.0 0.0 0.0 0.0 
0.023504087159214367 0.0 0.0 0.0 0.0 
1.1498449724276631 0.0 0.0 0.0 0.0 
1.5057441561615412 0.0 0.0 0.0 0.0 
1.1062636390428955 0.0 0.0 0.0 0.0 
1.4222181634751998 0.0 0.0 0.0 0.0 
0.08605003780334324 0.0 0.0 0.0 0.0 
0.15255482341615695 0.0 0.0 0.0 0.0 
0.06030431710083173 0.0 0.0 0.0 0.0 
0.18088866753836427 0.0 0.0 0.0 0.0 
0.3028034329690979 0.0 0.0 0.0 0.0 
1.2496992919336443 0.0 0.0 0.0 0.0 
0.17372859536269164 0.0 0.0 0.0 0.0 
0.3124792918522919 0.0 0.0 0.0 0.0 
0.18512996232264925 0.0 0.0 0.0 0.40540586064988376 
0.5258784752630514 0.0 0.0 0.0 0.0 
0.07718058039438809 0.0 0.0 0.0 0.0 
0.9153285867230414 0.0 0.0 0.0 0.0 
0.013441297620667078 0.0 0.07936504167923018 0.0 0.0 
0.6336182632411779 0.0 0.0 0.0 0.0 
1.174736117098114 0.0 0.0 0.0 0.0 
0.09970099771683026 0.0 0.0 0.0 0.0 
1.416364299916638 0.0 0.0 0.0 0.0 
0.3373700566178161 0.0 0.0 0.0 0.0 
0.07329405248921275 0.0 0.0 0.0 0.0 
0.08085736057838691 0.0 0.0 0.0 0.0 
0.6763368516329193 0.0 0.0 0.0 0.0 
0.4051490393349795 0.0 0.0 0.0 0.0 
0.6917213629541996 0.0 0.0 0.0 0.0 
0.06337634291348763 0.0 0.0 0.0 0.0 
1.7169665737902162 0.0 0.0 0.0 0.0 
0.5048501144398504 0.0 0.0 0.0 0.0 
0.017061650867600805 0.0 0.0 0.0 0.0 
0.05789345008369929 0.0 0.0 0.0 0.0 
0.10378882799635686 0.0 0.0 0.0 0.0 
0.1382346750446538 0.0 0.0 0.0 0.0 
0.16531894955014753 0.0 0.0 0.0 0.0 
0.9364216873659282 0.0 0.0 0.0 0.0 
0.04136403787773398 0.0 0.0 0.0 0.0 
1.1717363837758952 0.0 0.0 0.0 0.0 
1.2971586144080898 0.0 0.0 0.0 0.0 
0.14102459230301098 0.0 0.0 0.0 0.0 
0.9996285110728538 0.0 0.0 0.0 0.0 
0.19891790811343454 0.0 0.0 0.0 0.0 
0.11582716285335572 0.0 0.0 0.0 0.0 
0.5052932443908246 0.0 0.0 0.0 0.0 
0.8310526717615796 0.0 0.0 0.0 0.0 
1.413171567856325 0.0 0.0 0.0 0.0 
1.2278561606723806 0.0 0.0 0.0 0.0 
0.0820828615094202 0.0 0.0 0.0 0.0 
0.8751418093884328 0.0 0.0 0.0 0.0 
0.33826554579739093 0.0 0.0 0.0 0.0 
0.7124677217572876 0.0 0.0 0.0 0.0 
0.9057817568195122 0.0 0.0 0.0 0.0 
2.490061190122695 0.0 0.0 0.0 0.0 
1.3910861838867343 0.0 0.0 0.0 0.0 
0.08201030871375564 0.0 0.0 0.0 0.0 
0.008055100042122091 0.0 0.0 0.0 0.0 
1.4902630303941928 0.0 0.0 0.0 0.0 
0.14441104371473132 0.0 0.0 0.0 0.0 
0.01470716495773275 0.0 0.0 0.0 0.0 
0.10001521326264154 0.0 0.0 0.0 0.0 
0.17526058509594553 0.0 0.0 0.0 0.0 
0.07166530961444098 0.0 0.0 0.0 0.0 
0.11228744392461683 0.0 0.0 0.0 0.0 
0.06919792359862627 0.0 0.0 0.0 0.0 
0.49346460499294886 0.0 0.0 0.0 0.0 
0.11780265038203665 0.0 0.0 0.0 0.0 
0.5786114007420997 0.0 0.0 0.0 0.0 
0.2570854208073002 0.0 0.0 0.0 0.0 
0.8669496360305767 0.0 0.0 0.0 0.0 
0.8533389972963451 0.0 0.0 0.0 0.0 
0.47681419115822077 0.0 0.0 0.0 0.0 
1.1007808772702565 0.0 0.0 0.0 0.0 
1.06123928503555 0.0 0.0 0.0 0.0 
0.5631300418055897 0.0 0.0 0.0 0.0 
1.6911644301707978 0.0 0.0 0.0 0.0 
0.8680461743145517 0.0 0.0 0.0 0.0 
0.10103129311033217 0.0 0.0 0.0 0.0 
0.597358296799499 0.0 0.0 0.0 0.0 
1.3470940767922983 0.0 0.0 0.0 0.0 
0.7098714002304808 0.0 0.0 0.0 0.0 
1.1283648131878965 0.0 0.0 0.0 0.0 
0.8787540660372439 0.0 0.0 0.0 0.0 
0.20584435081959526 0.0 0.0 0.0 0.0 
0.9591355665486611 0.0 0.0 0.0 0.0 
0.07179430040260502 0.0 0.0 0.0 0.0 
0.905072128587581 0.0 0.0 0.0 0.0 
0.10024112302383917 0.0 0.0 0.0 0.0 
0.1288329306316638 0.0 0.0 0.0 0.0 
0.034994083023981264 0.0 0.0 0.0 0.0 
1.4010525856156182 0.0 0.0 0.0 0.0 
0.0647793378384195 0.0 0.0 0.0 0.0 
0.13255823613226586 0.0 0.0 0.0 0.0 
0.04192834795248413 0.0 0.0 0.0 0.0 
0.01209473918067543 0.0 0.0 0.0 0.0 
0.08752550713085956 0.0 0.0 0.0 0.0 
0.3248884521093541 0.0 0.0 0.0 0.0 
0.1571911931932935 0.0 0.0 0.0 0.0 
0.10832036210440575 0.0 0.0 0.0 0.0 
0.8145713678813338 0.0 0.0 0.0 0.0 
0.6628390969240023 0.0 0.0 0.0 0.0 
0.16364159593041588 0.0 0.0 0.0 0.0 
0.05463588634309142 0.0 0.0 0.0 0.0 
0.7054124128878595 0.0 0.0 0.0 0.0 
0.05045918223063203 0.0 0.0 0.0 0.0 
0.38219310021049413 0.0 0.0 0.0 0.0 
0.0509914181786609 0.0 0.0 0.0 0.0 
0.933970340574309 0.0 0.0 0.0 0.0 
0.03860637283909551 0.0 0.0 0.0 0.0 
0.16787475290995918 0.0 0.0 0.0 0.0 
0.21888245222582062 0.0 0.0 0.0 0.0 
0.118415655122544 0.0 0.0 0.0 0.0 
0.016545596758870944 0.0 0.0 0.0 0.0 
0.09343588808004037 0.0 0.0 0.0 0.0 
0.8292141017675118 0.0 0.0 0.0 0.0 
0.038058066510646936 0.0 0.0 0.0 0.0 
0.051217133967237156 0.0 0.0 0.0 0.0 
0.21081123486793465 0.0 0.0 0.0 0.0 
0.12140690621298846 0.0 0.0 0.0 0.0 
0.6508573015684914 0.0 0.0 0.0 0.0 
0.3790485197931026 0.0 0.0 0.0 0.0 
0.022109161796842868 0.0 0.0 0.0 0.0 
8.063150408428222e-05 0.0 0.0 0.0 0.0 
1.2005218705335476 0.0 0.0 0.0 0.0 
0.7460020552763984 0.0 0.0 0.0 0.0 
0.2350489203503867 0.0 0.0 0.0 0.0 
0.1415084766052602 0.0 0.0 0.0 0.0 
1.7767949403705245 0.0 0.0 0.0 0.0 
1.5686446581038094 0.0 0.0 0.0 0.0 
0.9086359101717633 0.0 0.0 0.0 0.0 
0.0673353623069187 0.0 0.0 0.0 0.0 
1.2178575373774825 0.0 0.0 0.0 0.0 
0.2620037333072198 0.0 0.0 0.0 0.0 
0.6244262585090484 0.0 0.0 0.0 0.0 
0.04205740185712806 0.0 0.0 0.0 0.0 
0.07198790316943177 0.0 0.0 0.0 0.0 
0.07385846256539204 0.0 0.0 0.0 0.0 
0.15453855417822196 0.0 0.0 0.0 0.0 
0.08954120427941259 0.0 0.0 0.0 0.0 
0.16569792180030793 0.0 0.0 0.0 0.0 
0.057546769953325305 0.0 0.0 0.0 0.0 
0.8291900682582136 0.0 0.0 0.0 0.0 
1.474588370202702 0.0 0.0 0.0 0.0 
0.17629283100381526 0.0 0.0 0.0 0.0 
0.42499236513208893 0.0 0.0 0.0 0.0 
1.0865896794853378 0.0 0.0 0.0 0.0 
1.515613434894375 0.0 0.0 0.0 0.0 
0.2025706741853973 0.0 0.0 0.0 0.0 
0.12817182570625688 0.0 0.0 0.0 0.0 
0.2718895861462651 0.0 0.0 0.0 0.0 
0.17265641923592778 0.0 0.0 0.0 0.0 
0.15448195748998717 0.0 0.0 0.0 0.0 
1.0162468370118198 0.0 0.0 0.0 0.0 
0.14653964740148373 0.0 0.0 0.0 0.0 
0.02827746482401403 0.0 0.0 0.0 0.0 
2.802492291336533 0.0 0.0 0.0 0.0 
0.03899341756643079 0.0 0.0 0.0 0.0 
1.0722698698121425 0.0 0.0 0.0 0.0 
0.7072993343266991 0.0 0.0 0.0 0.0 
0.0634409589123083 0.0 0.0 0.0 0.0 
0.07469714470196717 0.0 0.0 0.0 0.0 
0.04763710692475625 0.0 0.0 0.0 3.0 
0.07668057666579209 0.0 0.0 0.0 0.0 
1.1514172190176453 0.0 0.0 0.0 0.0 
1.0660126055136028 0.0 0.0 0.0 0.0 
0.16210163884711767 0.0 0.0 0.0 0.0 
0.89026040434662 0.0 0.0 0.0 0.0 
0.8268756635241709 0.0 0.0 0.0 0.0 
0.13868615787882022 0.0 0.0 0.0 0.0 
0.9022339770720565 0.0 0.0 0.0 0.0 
0.9908479403613369 0.0 0.0 0.0 0.0 
1.1401210435107545 0.0 0.0 0.0 0.0 
0.2285421204253681 0.0 0.0 0.0 0.0 
0.09572579417250934 0.0 0.0 0.0 0.0 
0.3311536265711911 0.0 0.0 0.0 0.0 
0.9130706891282153 0.0 0.0 0.0 0.0 
1.2548515454653173 0.0 0.0 0.0 0.0 
0.7667649912008166 0.0 0.0 0.0 0.0 
0.7345365728272857 0.0 0.0 0.0 0.0 
0.23150938293177947 0.0 0.0 0.0 0.0 
0.32466256546406475 0.0 0.0 0.0 0.0 
0.4241215587173221 0.0 0.0 0.0 0.0 
1.084751582864869 0.0 0.0 0.0 0.0 
0.0390417981573477 0.0 0.0 0.0 0.0 
0.11473875785144472 0.0 0.0 0.0 0.0 
0.8286254873253212 0.0 0.0 0.0 0.0 
1.0255680958524593 0.0 0.0 0.0 0.0 
0.13822678950482387 0.0 0.0 0.0 0.0 
1.2182448112538213 0.0 0.0 0.0 0.0 
0.39570700992415564 0.0 0.0 0.0 0.0 
0.18671866743930146 0.0 0.0 0.0 0.0 
0.13876695802853076 0.0 0.0 0.0 0.0 
0.13397727148744065 0.0 0.0 0.0 0.0 
1.0021686458670334 0.0 0.0 0.0 0.0 
1.1465795539014338 0.0 0.0 0.0 0.0 
0.10628061235080426 0.0 0.0 0.0 0.0 
0.11072327483700721 0.0 0.0 0.0 0.0 
1.0477413534396833 0.0 0.0 0.0 0.0 
0.8181835843285652 0.0 0.0 0.0 0.0 
0.01461042648979138 0.0 0.0 0.0 0.0 
0.1166336517660301 0.0 0.0 0.0 0.0 
0.37935493100627465 0.0 0.0 0.0 0.0 
0.18021156359034146 0.0 0.0 0.0 0.0 
0.5798372393664012 0.0 0.0 0.0 0.0 
1.6373832696106503 0.0 0.0 0.0 0.0 
0.07682569291053983 0.0 0.0 0.0 0.0 
0.3821286570784656 0.0 0.0 0.0 0.0 
0.05994153804691657 0.0 0.0 0.0 0.0 
0.07243945133116497 0.0 0.0 0.0 0.0 
0.062215361497484085 0.0 0.0 0.0 0.0 
0.15933605550436192 0.0 0.0 0.0 0.0 
0.19506355956261498 0.0 0.0 0.0 0.0 
0.2100612291745368 0.0 0.0 0.0 0.0 
0.5651057896394981 0.0 0.0 0.0 0.0 
0.05933679935418969 0.0 0.0 0.0 0.0 
0.1904193163061223 0.0 0.0 0.0 0.0 
0.20099018597009446 0.0 0.0 0.0 0.0 
0.2924506643115104 0.0 0.0 0.0 0.0 
0.09869307878978953 0.0 0.0 0.0 0.0 
0.06462612057337543 0.0 0.0 0.0 0.0 
1.13482353162175 0.0 0.0 0.0 0.0 
0.026640649271059476 0.0 0.0 0.0 0.0 
0.11310991397020431 0.0 0.0 0.0 0.0 
0.7660876418221506 0.0 0.0 0.0 0.0 
0.29194253604469395 0.0 0.0 0.0 0.0 
0.39230456230392996 0.0 0.0 0.0 0.0 
0.1021761737937235 0.0 0.0 0.0 0.0 
0.4366197172312057 0.0 0.0 0.0 0.0 
0.4085596189307179 0.0 0.0 0.0 0.0 
0.2990540035056436 0.0 0.0 0.0 0.0 
1.108989119199461 0.0 0.0 0.0 0.0 
0.03054321037019342 0.0 0.0 0.0 0.0 
0.4097692953139905 0.0 0.0 0.0 0.0 
0.05288622857446477 0.0 0.0 0.0 0.0 
1.1244865627879514 0.0 0.0 0.0 0.0 
0.0008869473489586954 0.0 0.0 0.0 0.0 
0.0865982325724085 0.0 0.0 0.0 0.0 
0.18137252168942883 0.0 0.0 0.0 0.0 
0.1334047909441655 0.0 0.0 0.0 0.0 
0.7584682263984689 0.0 0.0 0.0 0.0 
0.10703842921110994 0.0 0.0 0.0 0.0 
0.8176676211759092 0.0 0.0 0.0 0.0 
0.3459336021172173 0.0 0.19841260419807544 0.0 0.0 
1.1417420757225671 0.0 0.0 0.0 0.0 
0.17016494041348504 0.0 0.0 0.0 0.0 
0.024802268827439168 0.0 0.0 0.0 0.0 
1.1935393888355645 0.0 0.0 0.0 0.0 
0.9109502075675884 0.0 0.0 0.0 0.0 
0.9854779661302219 0.0 0.0 0.0 0.0 
0.13924253567940417 0.0 0.0 0.0 0.0 
0.3714211311901475 0.0 0.0 0.0 0.0 
0.8063792427653732 0.0 0.0 0.0 0.0 
0.21770509720898357 0.0 0.0 0.0 0.0 
0.8548226205092349 0.0 0.0 0.0 0.0 
0.5657105651166703 0.0 0.0 0.0 0.0 
0.18525898688014006 0.0 0.0 0.0 0.0 
1.5822797182925818 0.0 0.0 0.0 0.0 
0.10457920813610311 0.0 0.0 0.0 0.0 
0.45532609512160993 0.0 0.0 0.0 0.0 
0.05973192419699997 0.0 0.0 0.0 0.0 
0.13425149590896474 0.0 0.0 0.0 0.0 
0.08537272159098035 0.0 0.0 0.0 0.0 
0.3404180157548707 0.0 0.0 0.0 0.0 
0.2959820349802386 0.0 0.0 0.0 0.0 
1.2851848493180953 0.0 0.0 0.0 0.0 
2.263486518920175 0.0 0.0 0.0 0.0 
1.0401220978172803 0.0 0.0 0.0 0.0 
0.828230407307272 0.0 0.0 0.0 0.0 
0.026245556991528633 0.0 0.0 0.0 0.0 
0.07585805898133284 0.0 0.0 0.0 0.0 
0.12552722107736355 0.0 0.0 0.0 0.0 
0.930035683338089 0.0 0.0 0.0 0.0 
0.02744696109577593 0.0 0.0 0.0 0.0 
0.134106326598132 0.0 0.0 0.0 0.0 
0.1272366153560015 0.10880820984445082 0.0 0.0 0.0 
0.18132416823457814 0.0 0.0 0.0 0.0 
1.238015974210588 0.0 0.0 0.0 0.0 
0.03539727974094274 0.0 0.0 0.0 0.0 
0.2298886673074056 0.0 0.0 0.0 0.0 
0.1884602320269398 0.0 0.0 0.0 0.0 
0.04204134655230069 0.0 0.0 0.0 0.0 
0.0747454139345087 0.0 0.0 0.0 0.0 
0.2436360125179576 0.0 0.0 0.0 0.0 
0.770579090935224 0.0 0.0 0.0 0.0 
1.2020540230831989 0.0 0.0 0.0 0.0 
1.0325020281128912 0.0 0.0 0.0 0.0 
1.8314310407870265 0.0 0.0 0.0 0.0 
0.14894249440450263 0.0 0.0 0.0 0.0 
0.8921872931908149 0.0 0.0 0.0 0.0 
0.07453586320107201 0.0 0.0 0.0 0.0 
0.08925911482086417 0.0 0.0 0.0 0.0 
1.4516653632071495 0.0 0.0 0.0 0.0 
0.8839789688483725 0.0 0.0 0.0 0.0 
0.4931342746439725 0.0 0.0 0.0 0.0 
0.17999361454592755 0.0 0.0 0.0 0.0 
0.04737910926779637 0.0 0.0 0.0 0.0 
0.6868994470077872 0.0 0.0 0.0 0.0 
0.01960956707951932 0.0 0.0 0.0 0.0 
0.10671570600602509 0.0 0.0 0.0 0.0 
2.643688175595062 0.0 0.0 0.0 0.0 
0.6974785085476255 0.0 0.0 0.0 0.0 
0.6998974777911018 0.0 0.0 0.0 0.0 
0.0851467967541904 0.0 0.0 0.0 0.0 
0.024608749679897887 0.0 0.0 0.0 0.0 
0.39028859278967537 0.0 0.0 0.0 0.0 
0.1642465764356438 0.0 0.0 0.0 0.0 
2.338256486974437 0.0 0.0 0.0 0.0 
0.009909608957444555 0.0 0.0 0.0 0.0 
0.004870141158224305 0.0 0.0 0.0 0.0 
0.015561875665084816 0.0 0.0 0.0 0.0 
0.5960279652245755 0.0 0.0 0.0 0.0 
0.2983284212768656 0.0 0.0 0.0 0.0 
1.2176157329167683 0.0 0.0 0.0 0.0 
0.3985370747914485 0.0 0.0 0.0 0.0 
0.049701253006911465 0.0 0.0 0.0 0.0 
0.875810938549119 0.0 0.0 0.0 0.0 
0.5797241362424778 0.0 0.0 0.0 0.0 
0.48772356917749055 0.0 0.0 0.0 0.0 
0.023479873245327926 0.0 0.0 0.0 0.0 
0.48624005852902347 0.0 0.0 0.0 0.0 
0.06473099041380573 0.0 0.0 0.0 0.0 
0.5373684535396273 0.0 0.0 0.0 0.0 
1.3956097339610836 0.0 0.0 0.0 0.0 
2.919995901264001 0.0 0.0 0.0 0.0 
0.009699970785572321 0.0 0.0 0.0 0.0 
0.5782084140783915 0.0 0.0 0.0 0.0 
0.5753700332128556 0.0 0.0 0.0 0.0 
0.5112438138540483 0.0 0.0 0.0 0.0 
0.053216795710744724 0.0 0.0 0.0 0.0 
0.04486333864090679 0.0 0.0 0.0 0.0 
0.8434696321301154 0.0 0.0 0.0 0.0 
1.614556493136082 0.0 0.0 0.0 0.0 
0.7978000488011299 0.0 0.0 0.0 0.0 
1.472008333330734 0.0 0.0 0.0 0.0 
2.9228261658326407 0.0 0.0 0.0 0.0 
1.2034246959381676 0.0 0.0 0.0 0.0 
0.12070537126254954 0.0 0.0 0.0 0.0 
0.9270361369532151 0.0 0.0 0.0 0.0 
0.020577158395051955 0.0 0.0 0.0 0.0 
1.0889281651665426 0.0 0.0 0.0 0.0 
0.900169833401996 0.0 0.0 0.0 0.0 
0.0441215632158835 0.0 0.0 0.0 0.0 
0.8945497571041459 0.0 0.0 0.0 0.0 
0.9758262553308279 0.0 0.0 0.0 0.0 
0.3862892552321074 0.0 0.0 0.0 0.0 
0.9066847164576081 0.0 0.0 0.0 0.0 
1.8836558062400108 0.0 0.0 0.0 0.0 
0.09008155421274726 0.0 0.0 0.0 0.0 
1.0732049253863165 0.0 0.0 0.0 0.0 
0.3242111660481759 0.0 0.0 0.0 0.0 
0.25592458210690405 0.0 0.0 0.0 0.0 
0.00730521595850231 0.0 0.0 0.0 0.0 
0.6477448832187764 0.0 0.0 0.0 0.0 
0.7757956760395425 0.0 0.0 0.0 0.0 
0.915909009088358 0.0 0.0 0.0 0.0 
0.2412174583557904 0.0 0.0 0.0 0.0 
0.08743679129013439 0.0 0.0 0.0 0.0 
0.04602445272212286 0.0 0.0 0.0 0.0 
0.9062334537270897 0.0 0.0 0.0 0.0 
0.292273081472121 0.0 0.0 0.0 0.0 
1.8979520356767174 0.0 0.0 0.0 0.0 
0.1547158774159114 0.0 0.0 0.0 0.0 
0.7865763507119421 0.0 0.0 0.0 0.0 
0.01591666968026063 0.0 0.0 0.18421043136382764 0.0 
0.09380673840508306 0.0 0.0 0.0 0.0 
1.1962887658160577 0.0 0.0 0.0 0.0 
0.048959461501256345 0.0 0.0 0.0 0.0 
0.7590889066255531 0.0 0.0 0.0 0.0 
0.0323654786237513 0.0 0.0 0.0 0.0 
0.184807408969238 0.0 0.0 0.0 0.0 
0.23425089748835098 0.0 0.0 0.0 0.0 
0.1475959485275046 0.0 0.0 0.0 0.0 
0.06705319425428224 0.0 0.0 0.0 0.0 
0.08350201143909673 0.0 0.0 0.0 0.0 
0.12778484228633044 0.0 0.0 0.0 0.0 
1.2787992083105193 0.0 0.0 0.0 0.0 
0.08229244239404156 0.0 0.0 0.0 0.0 
0.14252439062143518 0.0 0.0 0.0 0.0 
1.0593039830057938 0.0 0.0 0.0 0.0 
0.2447974080102306 0.0 0.0 0.0 0.0 
0.002854350339990884 0.0 0.0 1.8157872725250954 0.0 
0.0677303964951671 0.0 0.0 0.0 0.0 
0.04288791915339925 0.0 0.0 0.0 0.0 
0.385386158908641 0.0 0.0 0.0 0.0 
0.3095764473519219 0.0 0.0 0.0 0.0 
1.1106180027797612 0.0 0.0 0.0 0.0 
0.8696507490047339 0.0 0.0 0.0 0.0 
0.6859964158108796 0.0 0.0 0.0 0.0 
0.5870777267616601 0.0 0.0 0.0 0.0 
0.0623766381741897 0.0 0.0 0.0 0.0 
1.1986835417489572 0.0 0.0 0.0 0.0 
1.041597257592634 0.0 0.0 0.0 0.0 
0.9994431797810208 0.0 0.0 0.0 0.0 
1.061319953525088 0.0 0.0 0.0 0.0 
0.0639004810573465 0.0 0.0 0.0 0.0 
1.4236291896706874 0.0 0.0 0.0 0.0 
0.2795012728162772 0.0 0.0 0.0 0.0 
0.08355031966717044 0.0 0.0 1.894737411817034 0.0 
0.11939915762024128 0.0 0.23015873958019242 0.0 0.0 
1.0455886633785556 0.0 0.0 0.0 0.0 
0.006797243271798787 0.0 0.0 0.0 0.0 
0.0970964539619647 0.0 0.0 0.0 0.0 
0.14700731096940575 0.0 0.0 0.0 0.0 
1.1815573914671165 0.0 0.0 0.0 0.0 
0.06744015576434785 0.0 0.0 0.0 0.0 
0.7780534017726162 0.0 0.0 0.0 0.0 
0.11007824370915431 0.0 0.0 0.0 0.0 
0.07309248377939694 0.0 0.0 0.0 0.0 
0.4506977013378573 0.0 0.0 0.0 0.0 
0.999894997293337 0.0 0.0 0.0 0.0 
0.5951569839329376 0.0 0.0 0.0 0.0 
0.06865773396909011 0.0 0.0 0.0 0.0 
0.8435987173919913 0.0 0.0 0.0 0.0 
0.004321847091257503 0.0 0.0 0.0 0.0 
0.22189810587606357 0.0 0.0 0.0 0.0 
0.0240281876140924 0.0 0.0 5.526312940914829 0.0 
0.40134347741103055 0.0 0.0 0.0 0.0 
0.9923475768684036 0.0 0.0 0.0 0.0 
0.22176907890647793 0.0 0.0 0.0 0.0 
0.16204535804279432 0.0 0.0 0.0 0.0 
0.012239863767250905 0.0 0.0 0.0 0.0 
0.7056543248877993 0.0 0.0 0.0 0.0 
0.4794750332050969 0.0 0.0 0.0 0.0 
0.03749366748990203 0.0 0.0 0.0 0.0 
0.0416058488712053 0.0 0.0 0.0 0.0 
1.0551111190644002 0.0 0.0 0.0 0.0 
1.7962836610998818 0.0 0.0 0.0 0.0 
0.17193846927702847 0.0 0.0 0.0 0.0 
0.0001854529016112242 0.0 0.0 0.0 0.0 
0.3147289199822035 0.0 0.0 0.0 0.0 
0.9258430204045932 0.0 0.0 0.0 0.0 
0.6742000252155884 0.0 0.0 0.0 0.0 
0.1974909520420477 0.0 0.0 0.0 0.0 
0.4084150066127699 0.0 0.0 0.0 0.0 
0.5988821447078532 0.0 0.0 0.0 0.0 
0.00574096244757562 0.0 0.0 0.0 0.0 
0.0405576600219231 0.0 0.0 0.0 0.0 
0.15123237235586592 0.0 0.0 0.0 0.0 
1.0628840040180376 0.0 0.0 0.0 0.0 
0.9370021668174878 0.0 0.0 0.0 0.0 
0.19346728046837433 0.0 0.0 0.0 0.0 
0.09792686281447505 0.0 0.0 0.0 0.0 
0.04944320188185078 0.0 0.0 0.0 0.0 
0.9239399258702983 0.0 0.0 0.0 0.0 
0.14144396513054638 0.0 0.0 0.0 0.0 
1.4027939311046476 0.0 0.0 0.0 0.0 
0.7587502706302403 0.0 0.0 0.0 0.0 
0.1981118292568716 0.0 0.0 0.0 0.0 
0.10191836608922701 0.0 0.0 0.0 0.0 
0.025350553246026874 0.0 0.0 0.0 0.0 
0.4428280933938865 0.0 0.0 0.0 0.0 
0.2955950827165363 0.0 0.0 0.0 0.0 
0.39388463413137254 0.22279794753888726 0.0 0.0 0.0 
0.18751659442056995 0.0 0.0 0.0 0.0 
0.1459590990042153 0.0 0.0 0.0 0.0 
0.2695110064247295 0.0 0.0 0.0 0.0 
1.6896487743393176 0.0 0.0 0.0 0.0 
1.87356883695892 0.0 0.0 0.0 0.0 
0.2505463565015851 0.0 0.0 0.0 0.0 
0.20460241347276042 0.0 0.0 0.0 0.0 
0.2686480051466335 0.0 0.0 0.0 0.0 
0.14310474665414546 0.0 0.0 0.0 0.0 
0.1523453303719869 0.0 0.0 0.0 0.0 
0.2106901165540872 0.0 0.0 0.0 0.0 
0.07531001094803293 0.0 0.0 0.0 0.0 
0.07611616317247856 0.0 0.0 0.0 0.0 
0.16422209970393106 0.0 0.0 0.0 0.0 
0.009683846937051816 0.0 0.0 0.0 0.0 
0.07709982647649406 0.0 0.0 0.0 0.0 
0.03667120106245671 0.0 0.0 0.0 0.0 
0.1628353070205998 0.0 0.0 0.0 0.0 
0.03155113231235263 0.0 0.0 0.0 0.0 
0.2721070163892948 0.0 0.0 0.0 0.0 
0.2279693454055227 0.0 0.0 0.0 0.0 
0.10684480775054868 0.0 0.0 0.0 0.0 
0.2529409716281661 0.0 0.0 0.0 0.0 
1.4141952659033417 0.0 0.0 0.0 0.0 
0.10425651508220293 0.0 0.0 0.0 0.0 
0.08018000014428651 0.0 0.0 0.0 0.0 
0.15171625866819416 0.0 0.0 0.0 0.0 
0.10440173926819174 0.0 0.0 0.0 0.0 
0.13709795829703086 0.0 0.0 0.0 0.0 
0.23497635308215342 0.0 0.0 0.0 0.0 
0.12244697002153047 0.0 0.0 0.0 0.0 
0.09042017422793205 0.0 0.0 0.0 0.0 
0.24697402203135221 0.0 0.0 0.0 0.0 
0.12778484530144893 0.0 0.0 0.0 0.0 
0.11909277233708807 0.0 0.0 0.0 0.0 
0.1030632186315126 0.0 0.0 0.0 0.0 
1.1799608229215028 0.0 0.0 0.0 0.0 
1.0298250491519811 0.0 0.0 0.0 0.0 
0.3434660291640576 0.0 0.0 0.0 0.0 
0.013546086052898785 0.0 0.0 0.0 0.0 
0.8145149670752954 0.0 0.0 0.0 0.0 
1.25777060828792 0.0 0.0 0.0 0.0 
0.14666863879267145 0.0 0.0 0.0 0.0 
0.23370221024993615 0.0 0.0 0.0 0.0 
0.9695128053047007 0.0 0.0 0.0 0.0 
0.7215312110849312 0.0 0.0 0.0 0.0 
0.5610339173769764 0.0 0.0 0.0 0.0 
1.2804922777327392 0.0 0.0 0.0 0.0 
0.006482774054020517 0.0 0.0 0.0 0.0 
0.08195383252975558 0.0 0.0 0.0 0.0 
1.006957916422279 0.0 0.0 0.0 0.0 
0.2187693144280348 0.0 0.0 0.0 0.0 
0.0499108992190996 0.0 0.0 0.0 0.0 
0.28672553284394814 0.0 0.0 0.0 0.0 
0.27662240453795445 0.0 0.0 0.0 0.0 
0.10261179609971549 0.0 0.0 0.0 0.0 
1.0457820390064578 0.0 0.0 0.0 0.0 
0.08294561956795993 0.0 0.0 0.0 0.0 
0.13705756234283753 0.0 0.0 0.0 0.0 
0.22867113533447986 0.0 0.0 0.0 0.0 
0.28142011129416594 0.0 0.0 0.0 0.0 
0.019964365717876777 0.0 0.0 0.0 0.0 
0.021891458585087963 0.0 0.0 0.0 0.0 
1.2106010296527707 0.0 0.0 0.0 0.0 
1.0734309402746447 0.0 0.0 0.0 0.0 
0.04550036282015947 0.0 0.0 0.0 0.0 
1.1446441825239524 0.0 0.0 0.0 0.0 
0.18581521935201398 0.0 0.0 0.0 0.0 
0.11798022678917333 0.0 0.0 0.0 0.0 
0.07948674199555064 0.0 0.0 0.0 0.0 
0.12472082161320369 0.0 0.0 0.0 0.0 
0.543972051430925 0.0 0.0 0.0 0.0 
0.08257471376473746 0.0 0.0 0.0 0.0 
0.8389543173493383 0.0 0.0 0.0 0.0 
1.1129076937937794 0.0 0.0 0.0 0.0 
0.4239603101817222 0.0 0.0 0.0 0.0 
0.314704598026572 0.0 0.0 0.0 0.0 
0.6836421721155284 0.0 0.0 0.0 0.0 
0.4458922718582132 0.0 0.0 0.0 0.0 
1.2475785842391325 0.0 0.0 0.0 0.0 
0.12106819252812326 0.0 0.0 0.0 0.0 
0.7424468326085039 0.0 0.0 0.0 0.0 
0.35593161133298745 0.0 0.0 0.0 0.0 
0.9618369579187561 0.0 0.0 0.0 0.0 
0.658702643839042 0.0 0.0 0.0 0.0 
0.6488576307796284 0.0 0.0 0.0 0.0 
0.852887533557929 0.0 0.0 0.0 0.0 
0.05656315810733163 0.0 0.0 0.0 0.0 
0.01322358596658047 0.0 0.0 0.0 0.0 
0.3995132914563789 0.0 0.0 0.0 0.0 
0.83114916459787 0.0 0.0 0.0 0.0 
0.07281026627881762 0.0 0.0 0.0 0.0 
0.7615722114618324 0.0 0.0 0.0 0.0 
0.026301967646953993 0.0 0.0 0.0 0.0 
0.04616962062590032 0.0 0.0 0.0 0.0 
0.47394399566715956 0.0 0.0 0.0 0.0 
0.010804616723104269 0.0 0.0 0.0 0.0 
0.19854703447147576 0.0 0.0 0.0 0.0 
0.11585135214377468 0.0 0.0 0.0 0.0 
2.0545708397853293 0.0 0.0 0.0 0.0 
0.4971977905056637 0.0 0.0 0.0 0.0 
1.650606684720518 0.0 0.0 0.0 0.0 
0.5130983880969375 0.0 0.0 0.0 0.0 
0.5336594357089823 0.0 0.0 0.0 0.0 
1.1015148877601888 0.0 0.0 0.0 0.0 
0.10774781221340583 0.0 0.0 0.0 0.0 
0.154038603415207 0.0 0.0 0.0 0.0 
0.14189550324188469 0.0 0.0 0.0 0.0 
0.1910001085259707 0.0 0.0 0.0 0.0 
0.06215076157929523 0.0 0.0 0.0 0.0 
0.03831605311217244 0.0 0.0 0.0 0.0 
0.09149257387547827 0.0 0.0 0.0 0.0 
0.06453737176735504 0.0 0.0 0.0 0.0 
0.5626221822863325 0.0 0.0 0.0 0.0 
1.2043842945766605 0.0 0.0 0.0 0.0 
0.3244609585627484 0.0 0.0 0.0 0.0 
1.5617347935240178 0.0 0.0 0.0 0.0 
0.07272961728704623 0.0 0.0 0.0 0.0 
0.03611484778483627 0.0 0.0 0.0 0.0 
0.9904126018784966 0.0 0.0 0.0 0.0 
0.18021156359034146 0.0 0.0 0.0 0.0 
0.10881235406021202 0.0 0.0 0.0 0.0 
0.09953159730593585 0.0 0.0 0.0 0.0 
0.11356170836661231 0.0 0.0 0.0 0.0 
0.11158587912450513 0.0 0.0 0.0 0.0 
0.28672543435007825 0.0 0.0 0.0 0.0 
0.9023870600638247 0.0 0.0 0.0 0.0 
0.7128063979541799 0.0 0.0 0.0 0.0 
0.0828891685099471 0.0 0.0 0.0 0.0 
1.3276777681530771 0.0 0.0 0.0 0.0 
0.2601578265248829 0.0 0.0 0.0 0.0 
0.14009739211748212 0.0 0.0 0.0 0.0 
0.25664204361661175 0.0 0.0 0.0 0.0 
0.19647472043339417 0.0 0.0 0.0 0.0 
0.11469050660911005 0.0 0.0 0.0 0.0 
0.05497453640895694 0.0 0.0 0.0 0.0 
0.009966072075931242 0.0 0.0 0.0 0.0 
0.10290195301024135 0.0 0.0 0.0 0.0 
0.11778644713539652 0.0 0.0 0.0 0.0 
0.19548288716337336 0.0 0.0 0.0 0.0 
0.29617556940438017 0.0 0.0 0.0 0.0 
0.2494173443866841 0.0 0.0 0.0 0.0 
0.07619694623651778 0.0 0.0 0.0 0.0 
1.1067475253552237 0.0 0.0 0.0 0.0 
0.9179893574121138 0.0 0.0 0.0 0.0 
0.00020964219203019064 0.0 0.0 0.0 0.0 
0.2182210402608499 0.0 0.0 0.0 0.0 
0.6871817262177912 0.0 0.0 0.0 0.0 
0.875399935690447 0.0 0.0 0.0 0.0 
1.0057083326345089 0.0 0.0 0.0 0.0 
0.01879520830563099 0.0 0.0 0.0 0.0 
0.11171494127047286 0.0 0.0 0.0 0.0 
0.35163398006519125 0.0 0.0 0.0 0.0 
0.103853403793598 0.0 0.0 0.0 0.0 
0.017190621554975055 0.0 0.0 0.0 0.0 
0.1715275387811999 0.0 0.0 0.0 0.0 
0.15682022206250432 0.0 0.0 0.0 0.0 
0.11581909640641777 0.0 0.0 0.0 0.0 
0.3762669662723642 0.0 0.0 0.0 0.0 
0.11046525707925757 0.0 0.0 0.0 0.0 
0.027059944509546338 0.0 0.0 0.0 0.0 
0.004595990305590846 0.0 0.0 0.0 0.0 
0.10010399242085448 0.0 0.0 0.0 0.0 
0.13647705997637768 0.0 0.0 0.0 0.0 
0.07188314740098346 0.0 0.0 0.0 0.0 
0.21412501127118863 0.0 0.0 0.0 0.0 
0.8005091930458427 0.0 0.0 0.0 0.0 
0.6036232315594179 0.0 0.0 0.0 0.0 
0.09922515473553178 0.0 0.0 0.0 0.0 
0.19167720362964608 0.0 0.0 0.0 0.0 
1.1517400276510865 0.0 0.0 0.0 0.0 
0.17536561272757561 0.0 0.0 0.0 0.0 
0.44315038342695157 0.0 0.0 0.0 0.0 
