0.0 0.0 0.0 0.0 0.0 0.0 0.0 0.0 0.0 0.0 0.0 0.0 0.15460361779412382 0.0 0.0 0.0 0.0 0.0 0.0 0.0 0.0 0.0 0.0 
0.0 0.0 0.0 0.0028427620436933293 0.3927539445856427 0.0 0.0 0.0 0.006849028680588272 0.0 0.0 0.9473347494860144 0.31901879111694065 0.0 0.0 0.0 0.0 0.0 0.0 0.007022543280744975 0.0 0.0 0.0 
0.0 0.15309576951964182 0.0 0.0 0.09944895387139704 0.0 0.03284850028094085 0.0 0.0 0.004507691868360305 0.0 0.0 0.0 0.0 0.030066904754074097 0.0 0.0 0.0 0.0 0.0 0.0 0.0 0.0 
0.0 0.0 0.011097455905123321 0.1501299447199172 0.0 0.0033751865184500243 0.0 0.0 0.0 0.0 0.0 0.0 0.8376535677565125 1.45541928869826 0.0 0.0 0.052557640784586294 0.0 0.0 0.0 0.0 0.007214984179095776 0.0 
0.0 0.15309576951964182 0.011097455905123321 0.0 0.0 0.0 0.0 0.0 0.0 0.00901538373672061 0.0 0.0 0.025733257972654217 2.2356174400724043 0.0 0.0 0.020894897852102495 0.0 0.0 0.0 0.0 0.0 0.0 
0.0 0.006160570381037978 0.0 0.0 0.0 0.0 0.0 0.0 0.0 0.0 0.0 0.6219212240302266 0.0 2.1522100602230574 0.0 0.0 0.0 0.0 0.0 0.0 0.0 0.0 0.007090946677946383 
0.0 0.1444916874142546 0.0 0.030058917714970643 0.0 0.0 0.0 0.0 0.0 0.0 0.0 0.0 0.008577746904564311 0.10688165630393935 0.0 0.0 0.0 0.0 0.0 0.0 0.0 0.0 0.09128995718728873 
0.0 0.0 0.0 0.0 0.0 0.0 0.0 0.0 0.0 0.0 0.0 0.0 0.0 0.0 0.0 0.0 0.0 0.0 0.0 0.0 0.0 0.0 0.0 
0.15213227959439152 0.0 0.0 0.0 0.0 0.0 0.0 0.0 0.0 0.029040261153910216 0.0 0.23115938919239 0.0 0.0 0.0 0.0 0.0 0.0 0.0 0.0 0.0 0.0 0.0 
0.002612782784220065 0.5415927386138931 0.0 0.8564926842967592 0.20394897887338503 0.0 0.00677182787989648 0.0 0.0 0.0 0.0 0.35953202861349576 0.0 0.0 0.0 0.0 0.0 0.0 0.0 0.0280901731229799 0.0 0.0 0.0 
0.0 0.0 0.0 0.002259462036686415 0.0026062182162437716 0.0 0.0 0.0 0.0 0.004507691868360305 0.0 0.2181005063833573 0.0 0.0 0.0 0.18566000689797924 0.020069434382927305 0.0 0.004930854045018798 0.0 0.5749999465041236 0.0 0.006888107114346116 
0.0 0.2677160951334602 0.09422523846947127 0.0 0.0 0.0 0.0 0.0 0.0 0.0 0.0 0.0 0.6044060626623357 0.0 0.0 0.0 0.0 0.0 0.0 0.0 0.0 0.4401972826112891 0.0 
0.006721706707488539 0.0 0.0 0.0 0.12339700973525534 0.0 0.0 0.0 0.0 0.0 0.0 0.0 0.0 0.0 0.0 0.0 5.736527868822981 0.0 0.0 0.0 0.0 0.0 0.0 
0.0 0.4645187685142474 1.7575294795699596 0.0 0.0 0.0 0.0 0.0 0.0 0.004507691868360305 0.0033574581701793665 0.004817637813558138 0.0 0.0 0.03675765774769489 0.0 0.005070121784450416 0.0 0.0 0.0 0.0 0.0 0.020018175208282803 
0.0010798932606380749 0.2942340925567834 0.004770076384682 0.5464744085493303 0.0 0.0033751865184500243 0.0 0.0034957858626662275 0.006831790197870887 0.0 0.0 0.0 0.004288882081762797 0.016931399999335826 0.0 0.0 0.5683162525406368 0.0 0.0 0.007022543280744975 0.0 0.007214984179095776 0.03390879964585479 
0.0 0.0 0.0 0.0 0.0 0.0 0.0 0.0 0.0038326667459298177 0.0 0.0 0.0 0.0 0.0 0.0 0.0 0.0 0.0 0.0 0.0 0.0 0.0 0.0 
0.0 0.0 0.029962540134787934 0.002078889564319002 0.0 0.0 0.005272975684309738 0.0 0.0 0.0 0.0 0.0 0.6529673258781588 0.22241620104652043 0.0 0.0 0.0 0.0 0.0 0.0 0.0 0.0 0.0 
0.0 0.0 0.0 0.014856731893089392 0.0 0.0 0.0 0.0 0.005819664351094772 0.0 0.013231950812489067 2.1946353458578987 0.0 0.0 0.00548299594768339 0.0 0.0 0.017493660497143192 0.0 0.0 0.0 0.0 0.0 
0.0 0.15309576951964182 0.0 0.0 0.0 0.0 0.0 0.0 0.0 0.0 0.0 0.0 0.0 0.14811646268723136 0.0 0.0 0.0 0.0 0.15254680823333516 0.0 0.0 0.0 0.0 
0.0 0.0 0.0 0.0 0.25778420074833897 0.0 0.0 0.0 0.0 0.0 0.0 0.6293212982342888 0.0 0.0 0.0 0.0 0.0 0.0 0.0 0.0 0.0 0.0 0.0 
0.3091616409153244 0.0 0.002253134860016498 0.0 0.0 0.0 0.0 0.0 0.0 0.0 0.0 0.0 0.0 0.0 0.0 0.0 0.0 0.0 0.0 0.0 0.0068344178012850355 0.0 0.39626216833375305 
0.002027396941263399 0.0 0.0 0.0 0.0021499373534137724 0.17248368532790934 0.0 0.013117060507822454 0.007052300533770478 0.007756739125980302 0.0 0.0 0.0 0.4718865408529473 0.034946818954026584 0.0 0.0 1.372601657311386 0.48603962582678567 1.0663789702918285 0.0 0.0 0.006888107114346116 
0.0 0.0 0.0 0.0 0.027775544487351603 0.0 0.0 0.0 0.0 0.0 0.0 0.0 0.0 0.0 0.0 0.0 0.15769753825085794 1.9829091707499635 0.07762947405244398 0.0 0.0 0.0 0.0 
0.0 0.0057056330376234745 0.017429492390978428 0.0 0.0 0.0 0.0 0.0 0.0 0.0 0.0 0.0 0.6044060626623355 0.0 0.0 0.0 0.0 0.0 0.0 0.0 0.0 0.0 0.0 
0.0 0.6258203544114603 0.0 0.0 0.0 0.44082534952446006 0.0 0.0 0.0 0.0 0.0 0.0 0.0 0.0 0.0 0.0 0.004806035793041188 0.0057853574743916125 0.0 0.0 0.0 0.0 0.0 
0.0 0.1444916874142546 0.0 0.0 0.0 0.0 0.0 0.0 0.0 0.0 0.0 0.0 0.0 0.0 0.0 0.0 0.0 0.0 0.0 0.0 0.0 0.0 0.0 
0.0 0.004799393971546316 0.0023745889813876794 0.0028427620436933293 0.0 0.013500746073800097 0.0 0.0 0.0 0.00901538373672061 0.0 0.0 0.0 0.004063223290655783 0.0 0.0 0.20388017062306524 0.6476138020103789 0.0 0.0 0.0 0.0 0.0 
0.002673906170901802 0.005552121705634864 0.0 0.8587291665424305 0.0 0.0 0.0 0.0 0.0 0.0 0.010609292789710758 0.008566176838632231 0.008577746904564311 0.22241620104652043 0.0 0.0 0.0054548100919631715 0.0 0.0 0.0 0.0068344178012850355 0.0 0.03390879964585479 
0.0058315316290378574 0.0 0.04026792268066738 0.0 0.006942585565673362 0.0 0.0036681163181035625 0.0 0.17697514047551502 0.0 0.0 0.011824380822510345 0.0192176807979101 0.0 0.0 0.01494517496125286 0.0 0.0 0.004971570172450578 0.0054855753713052005 0.0 0.014429968358191552 0.0 
0.0 0.0 0.0 0.0 0.0 0.0 0.0 0.0 0.0 0.0 0.0 0.0 0.0 0.0 0.0 0.0 0.0 0.0 0.0 0.0 0.0 0.0 0.0 
0.04187471052492951 0.0 0.0 0.0 0.36595964564006284 0.0 0.0 0.0 0.0 0.0 0.0 0.008517674915589185 0.0 0.0 0.0 0.0 0.0 0.0 0.0 0.0 0.0 0.0 0.0 
0.002673906170901802 0.15978570831621391 0.0 0.008127950917309463 0.0 0.014160612055881514 0.0 0.0 0.0 0.0 0.010609292789710758 0.09211919801565821 0.0 0.004326444219320866 0.0 0.0 0.0054548100919631715 0.01908550157347597 0.0 0.0 0.027337671205140142 0.0 0.0 
0.0 0.3003946409037562 0.0 0.0 0.0 0.0 0.0 0.3565227862045702 0.0 0.0 0.0 0.009014101798319372 0.0 0.0 0.0 0.0 0.0 0.0 0.0 0.0 0.0 0.007080832125312673 0.0 
0.001567779095002114 0.2942340925567834 0.0 0.0 0.0 0.0 0.08520059215437098 0.3463138105731347 0.0 0.0 0.0 0.0 0.008577746904564311 0.22241620104652043 0.0 0.0 0.0 0.0 0.0 0.0 0.0 0.0 0.0 
0.0 0.0 0.0 0.0 0.0 0.0 0.0 0.0 0.4594829174527361 0.0 0.0 0.0 0.0 0.0 0.0 0.0 0.0 0.9017676274418397 0.1208308789658523 0.5652457383866788 0.0 0.0 0.0 
0.0 0.0 0.0 0.0028427620436933293 0.0 0.0 0.0 0.0 0.0501138948923852 0.12966288122090391 0.024164316040123743 0.1394689093748939 0.0 0.0 0.0 0.0 0.0 0.0 0.0 0.0 0.0 0.005991319371735943 0.0 
0.30642434571005916 0.002625358864137067 0.004770076384682 0.6105634966217727 0.0 0.0 0.0 0.3463138105731347 0.006831790197870887 0.0 0.0 0.0 0.0 0.0 0.0 0.0 0.005383922540190655 0.0 0.0 1.0663789702918283 0.0 0.0 0.03390879964585479 
0.19573850609925678 0.002625358864137067 0.002471991382380496 0.0 0.0 0.0 0.0036681163181035625 0.0029833885689666776 0.0 0.0 0.0 0.0 0.0 0.0 0.0 0.0 0.0 0.0 0.0 0.0 0.0 0.0 0.0 
0.002027396941263399 0.0 0.0 0.0 0.0021499373534137724 1.593772341170062 0.0 0.003076736194749566 0.0 0.0 0.0 0.0 0.01963185272127524 0.004589525465208869 0.0 0.0 0.0 0.006650072049542179 0.004930854045018798 0.007022543280744975 0.0 0.0 0.8476291935822751 
0.01453851387119996 0.0 0.0025556777459356944 0.0 0.0 0.0 0.7736622249828516 0.0 0.0 0.0 0.0 0.0 0.004360131388675272 0.0 0.00548299594768339 0.0 0.0 0.0 0.0 0.007022543280744975 0.0 0.0 0.0 
0.0 0.0 0.0 4.640002763631429 0.0 0.0 0.0 0.0 0.0 0.0 0.0 0.0 0.31778499975177327 0.0 0.0 0.0 0.0 0.0 0.0 0.0 0.15594081528495737 0.45184406334256905 0.03390879964585479 
0.0 0.0 0.0 0.0 0.0 0.0 0.0 0.0 0.0 0.012062123457739382 0.0 0.0 0.0 0.0 0.0 0.0 0.0 0.0 0.0 0.0 0.0 0.0 0.0 
0.0 0.0 0.0 0.2366052393830337 0.0 0.0 0.0 0.0 0.0 0.0 0.0 0.0 0.0 0.0 0.0 0.0 0.0 0.0 0.0 0.0 0.0 0.0 0.0 
0.0 0.0 0.0025556777459356944 0.5795794472289889 0.0 0.0029391056402102243 0.0 0.0 0.0 0.0 0.0 0.0 0.0 0.0 0.0 0.0 0.0 0.0 0.0 0.0 0.0 0.0 0.0 
0.0 0.0 0.0 0.0 0.0 0.0 0.0 0.0 0.0 0.0 0.0 0.0 0.2044934672199558 0.0 0.0 0.0 0.0 0.0 0.0 0.0 0.0 0.0 0.0 
0.0 0.0 0.0 0.0 0.0 0.0 0.0 0.0 0.0 0.0 0.07880175556402565 0.6219212240302266 0.0 0.0 0.004524434212730908 0.0044635638735362505 0.0 0.0 0.0 0.0 0.0 0.0 0.0 
0.22176945119910624 0.0 0.0 0.002331685900895394 0.0 0.0 0.0 0.0 0.0 0.0 0.0 0.0 0.0 0.0 0.0 0.0 0.005277928772302228 0.0 0.0 0.0 0.0 0.0 0.0 
0.0 0.0050972063962855235 0.012043514953586616 0.0 0.0 0.0 0.0 0.0 0.0 0.0 0.0 0.004817637813558138 0.0 0.0 0.0 0.0 0.005070121784450416 0.0 0.0 0.0 0.0 0.0 0.0 
0.035045473232424795 0.0047628614915065405 0.0 0.0 0.0 0.0 0.0 0.0 0.0 0.0 0.0 0.0 0.0 0.0 0.10475285270980537 0.0 0.0 0.0 0.0 0.0 0.006732001796976942 0.0 0.0 
0.0008130799277714324 0.0 0.0 0.0 0.0 0.0 0.0 0.0 0.0 0.0 0.0 0.0 0.004147475097238933 0.0 0.0 0.20880216333922894 0.0 0.9017676274418397 0.0 0.0 0.0 0.0 0.0 
0.0 0.0 0.0 0.0 0.17748473218111727 0.0 0.0 0.0 0.0 0.0 0.0 0.0 0.0 0.0 0.0 0.0 0.0 0.0 0.0 0.0 0.0 0.0 0.0 
0.0 0.0 0.0 0.0 0.0 0.3180935749707102 0.0 0.0 0.0 0.0 0.0 0.0 0.0 0.0 0.0 0.49893701082336595 0.0 0.0 0.0 0.0 0.0 0.0 0.0 
0.032406267244437216 0.0 0.0 0.0 0.0 0.0 0.0 0.0 0.0 0.0 0.0 0.0 0.0 0.0 0.0 0.0 0.0 0.0 0.0 0.0 0.0 0.0 0.0 
0.0 0.0 0.0 0.0 0.17748473218111727 0.0 0.0 0.0 0.0 0.0 0.0 0.0 0.0 0.0 0.0 3.4888398945042356 0.0 0.0 0.014184400783265083 0.0 1.3453886480781927 0.0 0.0 
0.032406267244437216 0.0 0.0 0.0 0.0 0.0 0.0 0.0 0.0 0.0 0.0 0.0 0.0 0.0 0.0 0.0 0.0 0.0 0.0 0.0 0.0 0.0 0.0 
0.0 0.0 0.0 0.0 0.0 0.0 0.0 0.0 0.0 0.0 0.0 0.0 0.0913706669231119 0.0 0.0 0.0 0.0 0.0 0.0 0.0 0.0 0.0 0.0 
0.032406267244437216 0.0 0.0 0.0 0.0 0.0 0.0 0.0 0.0 0.0 0.0 0.0 0.0 0.0 0.0 0.0 0.0 0.0 0.0 0.0 0.013566419598261978 0.0 0.0 
0.0 0.0 0.0 0.0 0.0 0.0 0.0 0.0 0.0 0.0 0.03615373204128802 0.0 0.0 0.0 0.0 0.05860096952925864 0.0 0.0 0.0 0.0 0.0068344178012850355 0.0 0.0 
0.09441928889666393 0.5477533310289963 0.0 0.002312994583804188 0.0 0.0 0.0 0.0 0.0 0.04784561113946943 0.0 0.004817637813558138 0.0 0.03892922950020406 0.0 0.0 0.0 0.0 0.0 0.0 0.0 0.0 0.6312678767253544 
0.285827090117855 0.002625358864137067 0.0 0.0 0.0 0.0 0.002812520873377954 0.0034957858626662275 0.0 0.0 0.0 0.0 0.0 0.004326444219320866 0.0 0.0 0.0 0.0 0.0 0.0 0.0 0.0 0.0 
0.11531456483887349 0.003080274173486407 0.0 0.0 0.0019786348390451675 0.0 0.0094409692988794 0.0 0.0 0.0 0.04786673666519908 0.0 0.0 0.0 0.0 0.3330671861466095 0.0 0.0 0.0 0.0 0.0 0.0 0.0 
0.0 0.0 0.011591349097788374 0.0 0.0 0.0 0.0 0.0 0.0 0.0 0.0 0.004817637813558138 0.004288882081762797 0.0 0.0 0.21233704524007013 0.005070121784450416 0.0 0.0 0.0 0.0 0.0 0.006799663869834548 
0.7922906953637482 0.0 0.0 0.002290424771828029 0.002347311202006713 0.0025083558108321734 0.0 0.0 0.0 0.004507691868360305 0.0 0.0 0.0 0.0 0.0 0.0 0.0 0.0 0.0 0.01802080417573446 0.0 0.0 0.0 
0.0 0.0 0.0023459752884223773 0.002259462036686415 0.0021741397402609184 0.0 0.002906742192341876 0.0 0.14737866382359716 0.0 0.0 0.0 0.004092863429002319 0.0 0.0 0.0 0.0 0.0 0.0 0.0 0.0 0.0 0.006799663869834548 
0.0 0.0 0.0 0.0 0.027775544487351603 0.0 0.0 0.0 0.0 0.0 0.0 0.0 0.0 0.0 0.0 0.0 0.0 0.012435429523933792 8.298213901061 0.051932087741570085 0.0 0.0 0.0 
0.09441928889666393 0.0 0.0 0.0 0.0 0.0 0.0 0.0 0.0 0.0 0.0 0.0 0.09815387018097557 0.0 0.0 0.0 0.0 0.0 0.0 0.0 0.0 0.0 0.0 
0.0 0.0743407324524721 0.10935527888820086 0.0 0.0 0.014160612055881514 0.0 0.0 0.0 0.0 0.0 0.0 0.0 0.0 0.0 0.0 0.0 0.01908550157347597 0.0 0.0 0.0 0.0 0.0 
0.04187471052492951 0.0743407324524721 0.10935527888820086 0.0 0.0 0.014160612055881514 0.0 0.0 0.0 0.0 0.0 0.0 0.0 0.0 0.0 0.0 0.0 0.01908550157347597 0.0 0.0 0.0 0.0 0.0 
0.0 0.0 0.0023745889813876794 0.0 0.0 0.0 0.0 0.3626762715195229 0.0 0.0 0.0 0.0 0.0 0.0 0.0 0.0 0.0 0.0 0.0 0.0 0.0 0.17000521170686592 0.0 
0.0 0.0 0.0703521509435463 0.11129146565270154 0.0 0.44082534952446006 0.002669138300207674 0.3463138105731347 0.0 0.0 0.0 0.0 0.0 0.0 0.0 0.0 0.0 0.0 0.0 0.0 0.0 0.0 0.0 
0.07281116864702744 0.5415927386138931 0.14539625246393734 0.0 0.0 0.0 0.0 0.3463138105731347 0.0 0.0 0.0 0.0 0.0 0.0 0.0 0.0 0.0 0.0 0.0 0.0 0.0 0.0 0.0 
0.032406267244437216 0.0 0.0 0.002259462036686415 0.0026062182162437716 0.0 0.0 0.0 0.0 0.7031322299868109 0.0 0.003598287827794423 0.0 0.0 0.0 0.0044762023685302466 0.020069434382927305 0.0 0.3141647091278195 0.0 0.006470565095309528 0.0 0.0 
0.0 0.0 0.0 0.0 0.0 0.0 0.0 0.0 0.0 0.0 0.0 0.0 0.0 0.0 0.0 0.0 0.0 0.0 0.0 0.0 0.0 0.0 0.189149785541279 
0.30939927438950426 0.0026036993780821217 0.22618746634661915 0.0 0.0 0.44082534952446006 0.0 0.0 0.0 0.0 0.0 0.0 0.0 0.0 0.0 0.0 0.0 0.0 0.0 0.0 0.0 0.5805227548859068 0.0 
0.0 0.5415927386138931 0.0 0.4871296631388591 0.0 0.44082534952446006 0.0 0.5267396355053109 0.0 0.0 0.0 0.0 0.0 0.0 0.0 0.0 0.3383585925587668 0.0 0.0 0.0 0.0 0.0 0.0 
0.0019631661802070907 0.48415032734787733 0.007400242408256112 0.0 0.0 0.0 1.3859757353609679 0.0 0.0031843744865497586 0.0 0.0 0.004196425183222801 0.0 0.0 0.0 0.0 0.0 0.0 0.0 0.0 0.006732001796976942 0.014307174557800515 1.70922212746221 
0.055025076791778336 0.0 0.00472512855929521 0.0 0.5497874310793741 0.0 0.0 0.0 0.0 0.0 0.0 0.0 1.1027233613994831 0.0 0.0 0.0 0.005383922540190655 0.006650072049542179 0.0 0.0 0.0 0.0 0.0 
0.5089650486318117 0.5415927386138931 0.0 0.0 0.0 0.0 0.0 0.0 0.0 0.0 0.0 0.004817637813558138 0.0 0.004068351000343389 0.0 0.0 0.0 0.0 0.0 0.0 0.0 0.0 0.0 
0.0020256854303211972 0.0 0.14539625246393734 0.0 0.0 0.0 0.0 0.0 0.0 0.0 0.0 0.0 0.0 0.0 0.0 0.0 0.0 0.0 0.0 0.0 0.0 0.0 0.0 
0.003184448482082689 0.0 0.0 0.3435730101853701 0.0 0.0052739536528452185 4.071916936211757 0.0 0.0032196337878406607 0.011573557166659771 0.010135170600077938 0.0 0.0 0.0 0.0 0.0 0.0 0.0 0.0 0.0 0.0 0.0 0.08199949264760234 
0.0 0.0 0.0 0.0 0.0 2.0359629744707135 0.0036681163181035625 0.0 0.0 0.0 0.0 0.0 0.0 0.0 0.0 0.009441914471799411 0.0 0.006650072049542179 0.0 0.0 0.0 0.0 0.0 
0.09441928889666393 0.0 0.0 0.020002038713947935 0.0 0.0 0.0 0.5299580734477009 0.002746378169380561 0.0 0.0 0.0 0.06709386680460494 0.0 0.0 0.004853872762168132 0.0 0.0 0.0 1.0987117696160724 0.0 0.0 0.0 
0.004052044241996703 3.24784081530166 0.0 0.0 0.0 0.0 0.0 0.0 0.0 0.0 0.0 0.0 0.0 0.0 0.0 0.0 0.0 0.013300198675868955 0.0 0.0 0.0 0.0 0.0 
0.0 0.0 0.12740669626725024 0.0028427620436933293 0.0 0.44082534952446006 0.0 0.0 0.0 0.7121476137235314 0.0 0.0 0.0 0.004063223290655783 0.0 0.0 0.004806035793041188 0.0057853574743916125 0.0 0.0 0.0 0.0 0.0 
0.0 0.0 0.0 0.0 0.0 0.0 0.0 0.0 1.1074689482262519 0.0 0.0 0.0 0.0 0.0 0.0 0.0 0.0 0.0 0.0 0.0 0.0 0.0 0.0 
0.0 1.2133157135140282 0.0 0.2556549154250513 1.5337727389179592 0.03988932980459708 0.0 0.003481794059161661 0.0 0.0 0.0 0.0 0.0 0.0 0.00548299594768339 0.0 0.0 0.01908550157347597 0.0 0.007022543280744975 0.0 0.0 0.0 
0.0 0.0 0.0 0.0 0.06684810516986922 0.0 0.0 0.0 0.0 0.0 0.0 0.0 0.0 0.0 0.0 0.0 0.0 0.0 0.0 0.0 0.0 0.0 0.0 
0.15213227959439152 0.0 0.0 0.0 0.0 0.0 0.0 0.0 0.0 0.0 0.0 0.0 0.0 0.0 0.20068814855640935 0.0 0.12674953918287604 0.0 0.0 0.0 0.0 0.0 0.0 
0.0 0.0 0.0 0.0 0.0 0.0 0.0 0.0 0.4594829174527361 0.0 0.0 0.0 0.0 0.0 0.11489460889434135 0.0 0.0 0.0 0.0 0.0 0.0 0.0 0.018110342958595087 
0.5625678247586751 0.0 0.0 0.0 0.0 0.0 0.0 0.0 0.0 0.0 0.0 0.004196425183222801 0.0 0.0 0.0 0.0 0.0 0.017942499973666686 0.0 0.0 0.0 0.0 0.0 
0.0010798932606380749 0.9084494794261514 0.0 0.005174447944588724 0.0 0.0 0.0 0.0 0.0 0.004507691868360305 0.0033574581701793665 0.0 0.0 0.12345158431157123 0.0 0.0 0.0 0.0 0.0 0.0 0.0 0.0 0.0 
0.0 0.0 0.0 0.0 0.0 0.0 0.07908995710177671 0.2375494017298702 0.08637824375326998 0.0 0.0 0.0 0.0 0.0 0.0 0.0 0.0 0.0 0.0 0.0 0.0 0.0 0.006799663869834548 
0.0058315316290378574 0.0 0.04026792268066738 0.0 0.006942585565673362 0.0 0.0036681163181035625 0.0 1.6033428107056837 0.0 0.0 0.011824380822510345 0.0192176807979101 0.0 0.0 0.01494517496125286 0.0 0.0 0.004971570172450578 0.0054855753713052005 0.0 0.014429968358191552 0.0 
0.0 0.0 0.0 0.0 0.0 0.0 0.0 0.0 0.0 0.0 0.0 0.30614297420155523 0.004147475097238933 0.0 0.0 0.09936630111898824 0.0 0.0 0.0 0.0 0.0 0.0 0.0 
0.0 0.0 0.12740669626725024 0.0 0.0 0.0 0.006363330698144984 0.0 0.0 0.0 0.0 0.0 0.0 0.0 0.0 0.0 0.0 0.4201718197248027 0.0 0.0 0.0 0.0 0.0 
0.0 0.0 0.0 0.030058917714970643 0.0 0.0 0.0 0.0 0.0 0.0 0.0 0.0 0.0 0.0 0.0 0.0 0.0 0.0 0.0 0.0 0.0 0.0 0.0 
0.0 0.0 0.0 0.0028427620436933293 0.10931929367218586 0.0 0.0 0.0 0.0 0.0 0.0 0.0 0.0 0.0 0.0 0.0 0.0 0.0 0.0 0.0 0.0 0.0 0.006799663869834548 
1.2421356247565567 0.0 0.0025556777459356944 0.0 0.0 0.0 0.0036681163181035625 0.0 0.0 0.0 0.0 0.0 0.004360131388675272 0.0 0.00548299594768339 0.0 0.0 0.0 0.0 0.007022543280744975 0.0 0.0 0.0 
0.0 0.0 0.0 0.0 0.027775544487351603 0.0 0.0 0.0 0.0 0.0 0.0 0.0 0.0 0.0 0.0 0.0 0.0 0.012435429523933792 8.298213901061 0.051932087741570085 0.0 0.0 0.0 
0.0 0.0 0.0 0.0 0.0 0.29519034015243845 0.0 0.0 0.7300419874573879 0.0 0.0 0.0 0.004012777533913453 0.0 0.0 0.0 0.0054548100919631715 0.0 0.0 0.0 0.0 0.0 0.0 
0.0 0.0 0.011739839104439886 0.0 0.0 0.0 0.0 0.0 0.0 0.0 0.0 0.30614297420155523 0.0 0.0 0.0 0.0 0.0 0.0 0.0 0.0 0.0 0.0 0.0 
0.14999138282298155 0.31139893779544786 0.0025556777459356944 0.0 0.0 0.0033751865184500243 0.0 0.0 0.0 0.0 0.0027418988238196123 0.0 0.0 0.0 0.0 0.0 0.0 0.0 0.0 0.0 0.0 0.013729288787657917 0.0 
0.0 0.0 0.6112398242033094 0.002303325134994916 0.0028888724226703868 0.0 0.0 0.0 0.0032196337878406607 0.0 0.0 0.0 0.017146605444068385 0.0 0.0 0.0 0.5683162525406368 0.0 0.0 0.0 0.0 0.0 0.0 
0.22486145003275362 0.0 0.0 0.0 0.0 0.0 0.0 0.0 0.0 0.0 0.0 0.0 0.0 0.0 0.0 0.0 0.0 0.0 0.0 0.0 0.0 0.0 0.0 
0.0 0.0 0.0 0.0 0.0 0.035143831238716804 0.0 0.0 0.0 0.07582565468420042 0.0 0.03749342216919687 0.0 0.016700382709631482 0.0 0.0 0.0 0.0 0.0 0.0 1.0230909330438476 0.0 0.0 
0.0 0.0 0.0 0.0 0.0 0.0 0.0 0.0 0.0 0.0 0.0 0.0 0.0 0.0 0.0 0.0 0.0 0.20430055238800976 0.0 0.0 0.0 0.0 0.0 
0.46858870280727766 0.0 0.0 0.0 0.0 0.0 0.0 0.0 0.0 0.0 0.0 0.5663403483152019 0.0 0.0 0.0 0.0049713973642717645 0.005383922540190655 2.738522897880994 0.0 0.0 0.006726107157044361 0.0 0.0 
0.0007471727277184597 0.004625016379848618 0.0 0.0 0.0028888724226703868 0.0 0.0 0.0 0.0 0.0 0.0 0.0 0.0 0.0 0.0 0.0 0.0 0.0 0.0 0.0 0.0 0.0 0.059446833376615105 
0.0 0.0 0.0 0.0 0.0 0.0 0.0 0.0 0.0 0.0 0.0 0.0 0.0 0.0 0.0 0.0 0.0 0.022453707834863074 0.0 0.0 0.0 0.0 0.0 
0.0 0.0 0.0 0.0 0.0 0.0 0.0 0.0 0.0 0.0 0.0 0.0 0.0 0.0 0.0 0.0 0.0 0.006650072049542179 0.7482770765650355 5.587989541639165 0.0 0.0 0.0 
0.0 0.0 0.0 0.0 0.0 0.21703748824378 0.0 0.0 0.0 0.0 0.0 0.0 0.0 0.0 0.0 0.0 0.0 0.0 0.1208308789658523 0.29198685475521824 0.0 0.0 0.0 
0.0 0.0 0.0 0.0 0.0 0.0 0.0 0.0 0.0 0.0 0.0 0.0 0.0 0.0 0.0 0.03397688254326023 0.005070121784450416 0.006650072049542179 1.280819907900675 0.0 0.0068344178012850355 0.0 0.0 
0.0 1.6839747590352987 3.736290742385787 0.0 0.0 0.0 0.25055117569141006 0.0 0.0 0.0 0.0 0.0 0.008162280559103022 0.0 0.0 0.0 0.0 0.0 0.0 0.0 0.0 0.014307174557800515 0.0 
0.005289564854655894 0.0 0.0 0.0 0.0 0.0 0.0 0.0 0.0 0.0 0.012500724244885951 0.0 0.0 0.0 0.0 0.0 0.010140243568900833 0.006650072049542179 0.0 0.0 0.0 0.0 0.0 
0.0 0.1444916874142546 0.0 0.0 0.0 0.0029391056402102243 0.0 0.17477959904312343 0.0 0.0 0.0 0.0 0.0 0.0 0.0 0.0 0.0 0.0 0.0 0.0 0.0 0.0 0.0 
0.15213227959439152 0.0 0.0 0.0 0.0 0.0 0.0 0.0 0.0 0.0 0.0 0.0 0.0 0.0 0.0 0.0 0.0 0.006650072049542179 0.004528309420335966 0.07925213728380902 0.0 0.0 0.0 
0.0 0.0 0.0 0.0 0.12785835089834782 0.0 0.0 0.3565227862045702 0.0 0.0 0.0 0.0 0.0 0.004043235135845397 0.0 0.0 0.0 0.0 0.0 0.0 0.0 0.17000521170686592 0.0 
0.0 0.002259483212110244 0.0 0.0 0.0 0.44082534952446006 0.0 0.0 0.0 1.0817444961903782 0.0 0.0 0.09919946983232383 0.0 0.0 0.0 0.0 0.0 0.0 0.007022543280744975 0.0 0.6815384202928717 0.0 
0.0 0.0 0.0 0.0 0.0 0.0 0.0 0.0 0.07915748700528286 0.0 0.0 0.30614297420155523 0.0 0.0 0.0 0.0 0.0 0.0 0.0 0.0 0.0 0.0 0.0 
0.0 0.0 0.0 0.22322762334405735 0.0 0.0 0.0 0.0 0.0 0.7031322299868109 0.0 0.13750514023380397 0.0 0.0 0.0 0.0 0.0 0.0 0.0 0.016741895879291875 0.0 0.0 0.0 
0.0 0.0 0.0 0.0 0.0 0.02048979979224371 0.0 0.0 0.0 0.0 0.0 0.0 0.004092863429002319 0.0 0.0 0.0 0.0 0.0 0.0 0.0 0.0 0.0 0.0 
0.3096123715305866 0.005552121705634864 0.0 0.008127950917309463 0.0 0.0 0.0 0.0 0.0 0.0 0.010609292789710758 0.008566176838632231 0.0 0.004326444219320866 0.0 0.0 0.26440869854967847 0.0 0.0 0.0 1.4321201325464958 0.0 0.0 
0.0 0.0 0.0 0.0 0.0 0.019110945090450825 0.0 0.0 0.013605870426094575 0.0 0.0 0.0 0.004360131388675272 0.0 0.0 0.0 0.1786709057664976 0.0 0.0 0.0 0.0 0.0 0.0 
0.0031290628656907914 0.0050972063962855235 0.0 0.0 0.005414407987965866 0.0 0.0 0.0 0.0 0.0 0.0 0.0 0.01252038401982766 0.0 0.0 0.0 0.0 0.0 0.0 0.0 0.0 0.0 0.0 
0.0 0.0 0.0 0.0 0.0 0.0 0.0 0.0 0.0 0.0 0.0032471457407247974 0.004817637813558138 0.0 0.0 0.3036378937625957 0.0044635638735362505 0.0 0.0 0.0 0.0 0.0 0.0 0.0 
0.0 0.0 0.0 0.0 0.0 0.0 0.0 0.0 0.0 0.0 0.0 0.003598287827794423 0.0 0.0 0.0 0.0044762023685302466 0.0 0.0 0.0 0.0 0.006470565095309528 0.0 0.39626216833375305 
0.0 0.0 0.0 0.0 0.0 0.0 0.0 0.0 0.0 0.0 0.0 0.0 0.0 0.0 0.0 0.0 0.0 0.0 0.0 0.0 0.0 0.0 0.0 
0.0 0.0 0.0 0.0 0.0 0.0 0.0 0.0 0.7007223764168936 0.0 0.0 0.0 0.0 0.0 0.0 0.0 0.0 0.02253764692957284 0.0 0.0 0.0 0.0 0.0 
0.0 0.0 0.2193752295365544 0.0 0.0 0.0 0.0 0.0 0.0 0.09437436964259656 0.0 0.0 0.0 0.14810728868290451 0.0 0.0 0.0 0.0 0.0 0.0 0.0 0.0 0.0 
0.04187471052492951 0.0 0.43552403929369504 0.0 0.0 0.0 0.0 0.0 0.0 0.0 0.0 0.0 0.0 0.0 0.0 0.1278013685469569 0.0 0.0 0.0 0.0667196370173385 0.0 0.0 0.0 
0.08959957588197699 0.0 0.16092219054839593 0.0 0.0 0.0 0.0 0.0 0.0 0.0 0.0 0.0 0.0 0.0 0.0 0.0 0.0 0.0 0.0 0.0 0.7468149463790306 0.0 0.006888107114346116 
0.0 0.0 0.6683440438247603 0.0 0.12339700973525534 0.0 0.0 0.0 0.0 0.0 0.0 0.0 0.0 0.0 0.0 0.0 0.0 0.0 0.0 0.0 0.0 0.0 0.0 
0.055025076791778336 0.0 0.0 0.0 0.0028888724226703868 0.0 0.0 0.0 0.0 0.0 0.0 0.0 0.012559950188566675 0.0 0.0 0.0 0.0 0.9017676274418397 0.0 0.0 0.0 0.0 0.0 
0.0 0.0 0.0 0.0 0.17748473218111727 0.0 0.0 0.0 0.013605870426094575 0.0 0.0 0.0 0.0 0.0 0.0 0.0 0.0 0.0 0.0 0.0 0.0 0.0 0.0 
0.18426266390084625 0.005552121705634864 0.0 0.35414338793260236 0.0 0.0 0.0 0.0 0.0 0.0 0.14647906505662606 0.6294183020803749 0.0 0.004326444219320866 0.0 0.0 0.0054548100919631715 0.0 0.0 0.0 0.0068344178012850355 0.0 0.03390879964585479 
0.0 0.0 0.0 0.0 0.0 0.0 0.0 0.0 0.0 0.0 0.0 0.30614297420155523 0.0 0.0 0.0 0.0 0.0 0.0 0.0 0.0 0.0 0.0 0.0 
0.0 0.0 0.0 0.013568955119967321 0.0 0.0 0.0 0.0 0.0 0.0 0.0 0.0 0.0 0.0 0.0 0.0 0.0 0.0 0.0 0.0 2.3442337023938675 0.0 0.0 
0.0 0.0 0.0 0.0 0.0 0.0 0.0 0.0 0.0 0.0 0.0 0.0 0.0 0.0 0.19337639408293533 0.0 0.0 0.0 0.0 0.0 0.0 0.0 0.0 
0.003184448482082689 0.0 0.0 0.0028427620436933293 0.0 0.0052739536528452185 0.018216236021450533 0.0 0.0032196337878406607 0.011573557166659771 0.7128279864355241 0.0 0.0 0.0 0.0 0.0 0.0 0.0 0.0 0.0 0.0 0.0 0.007090946677946383 
0.0 0.0 0.0 0.0 0.0 0.0 0.0 0.0 0.29381679738482785 0.0 0.0 0.0 0.0 0.0 0.0 0.0 0.0 0.006650072049542179 0.0 0.0 0.0 0.0 0.0 
0.0 0.0743407324524721 0.0 0.03797733673143838 0.0 0.014160612055881514 0.0 0.115588453764696 0.0 0.0 0.0 0.0 0.30075040496642513 0.0 0.0 0.0 0.0 0.01908550157347597 0.0 0.0 0.0 0.01290422249095265 0.0 
0.0 0.0 0.0 0.0 0.0 0.0 0.0 0.1696611194239011 5.017173694470941 0.0 0.0 0.0 0.0 0.0 0.0 0.0 0.0 0.006650072049542179 0.0 0.0 0.0 0.014307174557800515 0.0 
0.0 0.0 0.0 0.0 0.0 0.0 0.0 0.0 0.0 0.0 0.0 0.0 0.15460361779412382 0.0 0.0 0.0 0.0 0.0 0.0 0.0 0.0 0.0 0.0 
0.0 0.0 0.0 0.005146075531556459 0.0 0.0033751865184500243 0.0 0.0 0.0 0.0 0.0 0.0 0.004288882081762797 0.016931399999335826 0.0 0.0 0.005383922540190655 0.0 0.0 0.007022543280744975 0.0 0.7003634786526511 0.007090946677946383 
0.002974900621888723 0.0 0.0 0.0 0.0 0.0 0.0 0.17477959904312343 0.0 0.040218973880236444 0.0 0.008569358564783856 0.0 0.0 0.0 0.0 0.0 0.0 0.0 0.0 0.03301718369634646 0.007214984179095776 0.0 
0.0 0.05071162131263199 0.0 0.0 0.0 0.0 0.0 0.0 0.0 0.0 0.0 0.0 0.0 0.0 0.0 0.0 0.0 0.0 0.0 0.0 0.0 0.0 0.0 
0.006202228064584847 0.0 0.0 0.0 0.0 0.0 0.00677182787989648 0.0 0.0 0.0 0.0 0.0 0.004147475097238933 0.0 2.2201699919455797 0.0 0.0 0.0 0.0 0.0 0.0 0.0 0.0 
4.709067479755946 0.0 0.0 0.0 0.0 0.0 0.0 0.0 0.0 0.0 0.0 0.0 0.0 0.0 0.0 0.0 0.0 0.0 0.0 0.0 0.0 0.0 0.0 
0.3081908915491972 0.5468001373700574 0.007400242408256112 0.0 0.0 0.0 0.006658834652725487 0.0 0.0031843744865497586 0.0 0.0 0.35953202861349576 0.0 0.0 0.0 0.0 0.0 0.0 0.0 0.0 0.0 0.014307174557800515 0.02017839394804581 
0.0 0.0 0.0 0.0 0.0 0.0 0.0 0.0 0.0 0.0 0.0 3.106592016645547 0.0 0.0 0.0 0.0 0.0 0.0 0.0 0.0 0.0 0.0 0.0 
0.0 0.0 0.0 0.0 0.0026062182162437716 0.01398018903304521 0.0 0.0 0.0 0.0 0.0 0.0 0.0 0.0 0.0 0.0 0.0 0.012435429523933792 0.0 0.0 0.0 0.0 0.0 
0.0 0.31139893779544786 0.002463650548803566 0.0 0.0 0.0024562456192200577 0.0 0.0029597156007277743 0.006808421724246142 0.0032490403280931394 0.0 0.0 0.0 0.0 0.0 0.0 0.0 0.006650072049542179 0.0 0.0 0.0 0.0 0.0 
0.15213227959439152 0.0 0.0 0.0 0.0 0.0 0.0 0.0 0.0 0.0 0.0 0.0 0.0 0.0 0.0 0.0 0.0 0.0 0.0 0.0 0.0 0.0 0.0 
0.002974900621888723 0.2677160951334602 0.0 0.013568955119967321 0.0 0.0 0.0 0.0 0.0 0.13807525753049527 0.0 0.008569358564783856 0.0 0.0 0.0 0.0 0.0 0.0 0.0 0.0 5.732385258108448 0.007214984179095776 0.0 
0.15213227959439152 0.0 0.031460002423429216 0.0 0.0 0.0 0.0 0.0 0.0 0.0 0.0 0.0 0.0 0.41110443652731465 0.0 0.0 0.0 0.0 0.0 0.0 0.0 0.0 0.0 
0.0 0.0 0.0 0.0 0.0 0.0 0.0 0.0 0.0 0.0 0.0 0.0 0.0 0.0 0.0 0.0 0.0 0.0 0.0 0.0 0.2352694798571068 0.0 0.0 
6.863691971800192 0.0 0.0 0.0 0.0 0.0 0.0 0.0 0.0 0.0 0.0 0.0 0.0 0.0 0.0 0.0 0.0 0.0 0.0 0.0 0.0 0.0 0.0 
0.0 0.0 0.0 0.002259462036686415 0.0 0.0 0.0 0.0 0.02108093712835447 0.0 0.0 0.0 0.0 0.0 0.0 0.12794960799068744 0.0 0.026600288198168717 0.0 0.0 0.0 0.0 0.0 
0.0 0.0 0.0 0.0 0.0 0.0 0.0 0.0 0.0 0.0 0.0 0.0 0.0 0.0 0.0 0.0 0.0 0.0 0.0 0.0 0.0 0.0 0.0 
0.0 0.003080274173486407 0.0 0.0 0.0 0.0 0.0 0.0 0.0 0.0 0.0 0.0 0.0 0.0 0.004524434212730908 0.0 0.0 0.0 0.0 0.0 0.0 0.0 0.0 
0.002027396941263399 0.0 0.0 0.0 0.07354389334425979 0.015656252412252287 0.0 0.1919962902914177 0.0 0.0 0.0 0.0 0.0 0.004589525465208869 0.0 0.0 0.0 0.006650072049542179 0.004930854045018798 0.007022543280744975 0.0 0.0 0.006888107114346116 
0.0 0.0 0.0 0.0 0.0 0.0 0.0 0.0 0.0 0.0 0.0 0.30614297420155523 0.0 0.0 1.2983901778319058 0.0 0.0 0.0 0.0 0.0 0.0 0.0 0.0 
0.0010798932606380749 0.0 0.0 0.013568955119967321 0.0 0.0 0.0 0.0 0.0 0.0 0.0 0.6303141519997492 0.0 0.0 0.0 0.19909343848616148 0.3681096566133765 0.01815393043719441 0.0 0.0 0.3253338448840035 0.0 0.0 
1.7784374452220044 0.012195921169756265 0.0 0.0 0.0 0.0 0.0 0.0 0.0 0.0 0.0 0.0 0.0 0.0 0.0 0.0 0.0 0.0 0.0 0.0 0.0 0.0 0.0 
0.028072847797786942 0.0 0.0 0.0 0.0 0.0 0.0 0.0 0.0 0.0 0.0 0.0 0.0 0.0 0.20068814855640935 0.10131464985786694 0.0 0.0 0.0 0.0 0.0 0.0 0.0 
0.15295829405567696 0.0 0.0023459752884223773 0.0 0.0 0.0 0.0027170239753383234 0.0 0.0 0.0 0.0 0.0 0.0 0.0 0.0 0.0 0.005070121784450416 0.0 0.0 0.0 0.0 0.0 0.0 
0.0 0.0 0.0 0.0 0.0 0.0 0.0 0.0 0.0 0.0 0.0 0.30614297420155523 0.0 0.058153094225166575 0.0 0.08039051836189312 0.0 0.0 0.0 0.34141457020245286 0.0 0.0 0.0 
0.003240290033766567 0.0 0.0 0.0 0.0 0.0 0.0 0.0 0.0 0.0 0.0 0.0 0.0 0.0 0.0 0.0 0.0 0.0 0.0 0.0 0.0 0.0 0.0 
0.0 0.0 0.0 0.0 0.0 0.0 0.0 0.05841529492705415 0.0 0.0 0.0 0.0 0.0 0.0 0.0 0.0 0.0 0.0 0.0 0.0 0.0 0.0 0.0 
0.0 0.0 0.026587333785750976 0.0 0.0 0.0 0.034694503349185696 0.0 0.0 0.0 0.0 0.0 0.0 0.0 0.0 0.0 0.015440087760139325 0.0 0.004971570172450578 0.0 0.0 0.0 0.0 
0.0 0.0 0.0 0.0 0.0 0.0 0.0 0.0 0.0 0.0 0.0 0.0 0.0 0.0 0.0 0.0 0.0 0.0 0.0 0.0 0.0 0.0 0.0 
0.0 0.0 0.0 0.0 0.0 0.0 0.0 0.0 0.0 0.0 0.0 2.967292359581304 0.0 0.0 0.0 0.0 0.0 0.0 0.0 0.0 0.0068344178012850355 0.0 0.017715803443816742 
0.0 0.0026036993780821217 0.0 0.0 0.0 0.0 0.006658834652725487 0.0 0.0 0.0 0.0 0.0 0.01964531471107521 0.0 0.0 0.0 0.0 0.0 0.0 0.0 0.5842371433562836 0.0 0.02673437532369725 
0.3083193530713098 0.0 0.0 0.0 0.0 0.0 0.0 0.0 0.0 0.0 0.0 0.0 0.0 0.0 0.0 0.0 0.0 0.0 0.0 0.0 0.0 0.0 0.0 
6.990431461386945 0.0 0.0 0.0 0.0 0.0 0.0 0.0 0.0 0.0 0.0 0.0 0.0 0.0 0.0 0.0 0.0 0.0 0.0 0.0 0.0 0.0 0.0 
0.0 0.0 0.002463650548803566 0.0 0.0 0.0 0.0 0.0 0.0 0.003164247172702803 0.0 0.0 0.0 0.004091948377877652 0.0 0.0 0.0 0.0 0.0 0.0 0.0 0.0 0.0 
0.02601819294045225 0.0 0.0 0.0 0.0 0.0 0.0 0.0 0.0 0.0 0.0 0.0 0.0 0.0 0.0 0.0 0.0 0.0 0.0 0.0 0.0 0.0 0.0 
0.0 0.0 0.0 0.0 0.0 0.0 0.7394248093337537 0.0 0.0 0.0 0.0 0.0 0.0 0.0 0.0 0.0 0.0 0.0 0.0 0.0 0.0 0.0 0.21788567975529696 
4.249677011931967 0.0 0.04026792268066738 0.0 0.006942585565673362 0.0 0.0036681163181035625 0.0 0.02226466885318361 0.0 0.0 0.011824380822510345 0.0192176807979101 0.0 0.0 0.01494517496125286 0.0 0.0 0.004971570172450578 0.0054855753713052005 0.0 0.4669089857684341 0.0 
0.8655822444487946 0.003080274173486407 0.0023459752884223773 0.0028427620436933293 0.0 0.0052739536528452185 0.018216236021450533 0.0034957858626662275 0.0032196337878406607 0.011573557166659771 0.0257541388477951 0.0 0.0 0.0 0.0 0.0 0.0 0.0 0.0 0.0 0.0 0.0 0.007090946677946383 
6.639121675030506 0.0 0.0 0.0 0.0 0.0 0.0 0.0 0.0 0.0 0.0 0.0 0.0 0.0 0.0 0.0 0.03639076087275734 0.0 0.0 0.0 0.0 0.0 0.0 
0.0 0.0 0.0 0.0 0.0 0.0 0.0 0.0 0.0 0.0 0.08197554065724397 0.0 0.0 0.016700382709631482 0.0 0.04515437370118461 0.0 0.0 0.0 0.0 0.0 0.0 0.0 
0.30642434571005916 0.0 0.23596982765546434 0.0 0.0 0.0 0.0 0.0 0.006831790197870887 0.0 0.0 0.0 0.0 0.0 0.0 0.0 0.0 0.0 0.0 0.21285890349721956 0.0 0.0 0.0 
0.0 0.0 0.0 0.0 0.0 0.0 0.0 0.0 0.0 0.34705842312504515 0.0 0.0 0.0 0.0 0.0 0.0 0.0 0.0 0.0 0.0 0.0 0.0 0.0 
0.0 0.005075546910230578 0.0 0.008500906053675946 0.009956889405101572 0.0 0.0 0.0 0.0028980903642347785 0.006437807631580784 0.0 0.004817637813558138 0.0 0.0 0.6349624213553284 0.0 0.0 0.0 0.0 1.0663789702918285 0.006726107157044361 0.0 0.0 
0.0 0.0 0.0 0.04134359076041421 0.0 0.0 0.00677182787989648 0.0 0.0 0.0 0.0 0.0 0.0 0.0 0.0 0.0 0.0 0.0 0.0 0.0 0.0 0.0 0.0 
1.5615054253844705 0.0 0.0 0.0 0.0 0.0 0.0 0.0 0.0 0.0 0.0 0.0 0.0 0.0 0.0 0.0 0.0 0.0 0.0 0.0 0.0 0.0 0.0 
0.0 0.0 0.0 0.0 0.0 0.0 0.0 0.0 0.0 0.0 0.0 0.0 0.0 0.0 0.0 0.0 0.0 0.0 0.0 0.0 0.0 0.0 0.0 
0.0 0.0 0.0 0.0 0.0 0.0 0.0 0.0 0.0 0.0 0.06312883035182557 0.0 0.0 0.0 0.0 0.0 0.0 0.0 0.0 0.0 0.0 0.0 0.0 
0.30642434571005916 0.0 0.0 0.14222633619622937 0.0 0.0 0.00677182787989648 0.0 0.0 1.2194327742935231 0.0 0.0 0.0 0.0 0.0 0.0 0.0 0.0 0.0 0.0 0.0 0.0 0.014181893355892766 
0.0 0.0 0.0 0.0 0.0 0.0 0.0 0.0 0.0 0.0 0.8660157503242654 0.0 0.0 0.0 0.0 0.0 0.0 0.0 0.0 0.0 0.0 0.0 0.0 
0.0 0.0 0.0 0.0 0.0 0.0 0.0 0.0 0.0 0.0 0.0 0.0 0.0913706669231119 0.0 0.0 0.0 0.0 0.0 0.0 0.0 0.0 0.0 0.0 
1.039105710280899 0.0 0.0 0.0 0.0 0.0 0.0 0.0 0.0 0.0 0.0 0.0 0.0 0.0 0.0 0.0 0.0 0.0 0.0 0.0 0.0 0.0 0.0 
0.4397488876757112 0.0 0.0 0.0 0.0 0.0596661153284399 0.0 0.0 0.0 0.0 0.0 0.0 0.0 0.0 0.0 0.0 0.0 0.20430055238800976 0.0 0.0 0.0 0.0 0.0 
0.0 0.0 0.0 0.0028427620436933293 0.0 0.0 0.0 0.0 0.0 0.04930150473220507 2.2997246606966866 0.006511518973913487 0.0 0.0 0.0 0.0 0.0 0.0 0.0 0.0 0.0 0.005991319371735943 0.0 
0.0 0.0 0.0 0.0 0.0 0.0 0.0 0.0 0.0 0.0 0.15712186248107088 0.0 0.0 0.0 0.0 0.0 0.0 0.0 0.0 0.0 0.0 0.0 0.0 
4.330292993137331 0.0 0.0 0.0 0.0 0.0 0.0 0.0 0.0 0.0 0.0 0.0 0.0 0.0 0.0 0.0 0.0 0.0 0.0 0.0 0.0 0.0 0.0 
5.283903962070672 0.0 0.0 0.0 0.0 0.0 0.0 0.0 0.0 0.0 0.0 0.0 0.0 0.0 0.0 0.0 0.0 0.0 0.0 0.0 0.0 0.0 0.0 
0.1099372219189278 0.005250695694208971 0.24340072262711565 0.0 0.0 0.0 0.0 0.0 0.0 0.004507691868360305 0.0033574581701793665 0.0 0.0 0.0 0.03675765774769489 0.0 0.0 0.0 0.0 0.0 0.0 0.0 0.020018175208282803 
0.0 0.0 0.0 0.0 0.0026062182162437716 0.0 0.0 0.0 0.0 0.0 0.0 0.0 0.0 0.0 0.0 0.0 0.0 0.0 0.0 0.007022543280744975 0.0 0.0 0.0 
4.998524102387914 0.0 0.0 0.0 0.0 0.0 0.0 0.0 0.0 0.0 0.0 0.0 0.0 0.0 0.022342811384312267 0.0 0.0 0.0 0.0 0.0 0.0 0.0 0.0 
0.0 0.0 0.0 0.0 0.0 0.0 0.0 0.0 0.0 0.34705842312504515 2.6793144716717556 0.0 0.0 0.016700382709631482 0.0 0.0 0.0 0.0 0.0 0.0 0.0 0.0 0.0 
0.0 0.0 0.0 0.0 0.0 0.0 0.0 0.0 0.2563601483587849 0.0 0.013231950812489067 1.063529138054088 0.0 0.0 0.0 0.0 0.0 0.0 0.0 0.0 0.0 0.0 0.0 
0.24436473448538126 0.8216299304412991 0.0 0.0 0.002214883274771135 0.010497970624871854 0.0 0.0 0.0 0.0066773267274061405 0.00295002173134408 0.0 0.0 0.0 0.6349624213553284 0.0 0.0 0.0 0.0 0.0 0.0 0.0 0.0 
0.0 0.0 0.0 0.0 0.0 0.0 0.0 0.0 0.0 0.0 0.0 0.0 0.0 0.0 0.20068814855640935 0.0 0.0 0.0 0.0 0.0 0.0 0.0 0.0 
0.10882712469879334 0.0 0.0 0.0 0.0 0.0 0.0 0.0 0.0 0.0 0.0 0.0 0.0 0.0 0.0 0.0 0.0 0.0 0.0 0.0 0.0 0.0 0.0 
0.3036238648877146 0.0 0.0 0.0 0.0 0.0 0.0 0.0 0.0 0.0 0.0 0.0 0.0 0.0 0.0 0.0 0.0 0.0 0.0 0.0 0.0 0.0 0.0 
0.7088279383679297 0.0 0.0 0.0 0.0 0.0 0.0 0.0 0.0 0.0 0.0 0.0 0.01252038401982766 0.0 0.0 0.0 0.0 0.0 0.0 0.0 0.0 0.0 0.0 
2.7988860308370773 0.0 0.0 0.0 0.0 0.0 0.0 0.0 0.0 0.0 0.0 0.0 0.0 0.0 0.0 0.0 0.0 0.0 0.0 0.0 0.0 0.0 0.0 
0.0 0.2677160951334602 0.026587333785750976 0.0 0.0 0.0 0.0 0.0 0.0 0.0 0.0 0.0 0.0 0.0 0.0 0.0 0.0 0.0 0.004971570172450578 0.0 0.0 0.0 0.0 
0.600594301131512 0.2677160951334602 0.0 0.0 0.0 0.0 0.0 0.0 0.0 0.0 0.0 0.0 0.0 0.0 0.0 0.0 0.0 0.0 0.0 0.0 0.0 0.0 0.0 
0.028072847797786942 0.0 0.0 0.0 0.0 0.0 0.0 0.0 0.0 0.0 0.0 0.0 0.0 0.0 0.014387190551902976 0.0 0.0 0.0 0.0 0.0 0.3760274253102352 0.0 0.0 
0.001895000346861541 0.0 0.002463650548803566 0.0 0.0 0.0029391056402102243 0.0 0.0 0.0 0.004507691868360305 0.00560672730524614 0.0 0.01663975289861883 0.008284270095826574 0.0 0.0 0.0054548100919631715 0.0 0.0 0.0 0.0 0.0 0.0 
0.0 0.0 0.0071976991662296595 0.1052877885134309 0.0 0.44082534952446006 0.0 0.3565227862045702 0.0 0.0 0.0 0.0 0.004288882081762797 0.3054119763048805 0.0 0.19909343848616148 0.0 0.0 0.0 0.0 0.0 0.0 0.0 
0.002069735793915564 0.0 0.0 0.0 0.0 0.0 0.07482305464904805 0.0 0.0 0.0 0.012500724244885951 0.0 0.0 0.0 0.0 0.0 0.5187237108126276 0.006650072049542179 0.0 0.0 0.0 0.0 0.0 
0.0 0.8409282681074735 0.0 0.0 0.5535633309750075 0.0 0.0 1.4260911448182807 0.0038326667459298177 0.0 0.0 0.0033066903863057857 0.0 0.0 0.0 0.0 0.0 0.0 0.0 0.0 0.0 0.0 0.0 
0.1099372219189278 0.0 0.0 0.0 0.0 0.0 0.0 0.0 0.0 0.0 0.0 0.0 0.0 0.0 0.0 0.10131464985786694 0.0 0.0 0.0 0.0 0.0 0.0 0.0 
4.313629329798267 0.0 0.0 0.0 0.0 0.0 0.0 0.0 0.0 0.0 0.0 0.0 0.0 0.0 0.0 0.0 0.0 0.0 0.0 0.0 0.0 0.0 0.0 
3.353996641089631 0.003080274173486407 0.0 0.0 0.0 0.0 0.0 0.0030766392538476867 0.0 0.0 0.0 0.004196425183222801 0.0 0.0 0.0 0.0 0.0 0.0 0.0 0.0 0.006732001796976942 0.0 0.0 
1.0682871963058858 0.0 0.0 0.0 0.0 0.0 0.0 0.0 0.0028980903642347785 1.730616763854551 0.0 0.1741541672037445 0.0 0.0 0.0 0.0 0.0 0.02212160810059198 0.0 0.0 0.03301718369634646 0.007214984179095776 0.0 
0.22366444453157866 0.0 0.00967647906038249 0.0028427620436933293 0.0 0.012628584317320496 0.0 0.0 0.0 0.027046151210161833 0.00560672730524614 0.0 0.01663975289861883 0.1983869018360494 0.0 0.0 0.020521691770008718 0.0057853574743916125 0.0 0.0 0.0 0.0 0.0 
0.0 0.0 0.0 0.0 0.0 0.44082534952446006 0.0 0.0 0.0 0.004507691868360305 0.0028474142522967203 0.0 0.0 0.004444660907689956 0.0 0.0 0.0 0.0 0.0 0.0 0.0 0.0 0.0 
0.0 0.0 0.0 0.015088370050062166 0.0 0.0 0.0 0.0 0.0 0.0 0.0 0.0 0.006904231723853795 0.0 0.0 0.0 0.0 0.0 0.0 0.0 0.0 0.0 0.0 
0.0 0.0 0.0 0.03111989222023776 0.0 0.0025732151030690422 0.0 0.0 0.19805294826044498 0.13120069221538408 0.0090031899275593 0.004817637813558138 0.0 0.0 0.00548299594768339 0.0 0.0 0.0 0.0 0.007022543280744975 0.5081790887971384 0.0 0.0 
0.4194498558507965 0.003080274173486407 0.0 0.0 0.002214883274771135 0.0029391056402102243 0.0 0.0 0.0 0.0066773267274061405 0.0 0.0 0.0 0.0 0.00548299594768339 0.0 0.0 0.0 0.0 0.0 0.0 0.0 0.0 
0.22582424508163304 0.0 0.0 0.0 0.0 0.0 0.0 0.0 0.0 0.040218973880236444 0.0 0.6294246655326782 0.0 0.0 0.0 0.0 0.0 0.0 0.0 0.0 0.03301718369634646 0.45247901741024255 0.0 
0.38801398023864203 0.0 0.3413680760808766 0.0 0.0 0.0 0.0 0.0 0.0 0.0 0.0 0.0 0.0 0.0 0.0 0.0 0.0 0.0 0.0 0.0 0.0 0.0 0.0 
0.7996862604040047 0.003080274173486407 0.0 0.007017839492460857 0.002525535565295479 0.0 0.0036681163181035625 0.0 0.0 0.0 0.0 0.004196425183222801 0.0 0.0 0.0 0.0 0.0 0.0 0.0 0.0 0.0 0.0 0.0 
0.001895000346861541 0.0 0.002463650548803566 0.0 0.0 0.0029391056402102243 0.0 0.0034957858626662275 0.002746378169380561 0.004507691868360305 0.00560672730524614 0.0 0.539677191322205 0.008284270095826574 0.0 0.004853872762168132 0.0054548100919631715 0.0 0.0 0.007022543280744975 0.0 0.0 0.0 
0.0 0.0 0.0 0.0 0.0 0.0 0.0 0.0317442031020985 0.0 0.0 0.0 0.0 0.0 0.0 0.0 0.0 0.0 0.0 0.0 0.0 0.0 0.0 0.0 
0.0 0.0 0.0 0.0 0.0 0.0 0.0 0.0 0.0 0.0 0.0 0.0 0.0 0.0 0.0 0.0 0.0 0.0 0.0 0.0 0.0 0.0 0.0 
0.0 0.0 0.0 0.0 0.0 0.0 0.0 0.0 0.0 0.0 0.0 0.0 0.0 0.0 0.0 0.0 0.0 0.0 0.0 0.0 0.0 0.0 0.0 
0.0 0.0 0.0 0.0 0.0 0.02039996675285428 0.0 0.0 0.0 0.0 0.0 0.0 1.359896986092618 0.0 0.0 0.0 0.0 0.0 0.0 0.0 0.006732001796976942 0.0 0.0 
0.0 0.7762393155248102 0.0 0.0 0.0 0.0 0.0 0.0 0.0 0.0 0.0 0.0 0.0 0.016700382709631482 0.0 0.0 0.0 0.006650072049542179 0.0 0.0 0.0 0.0 0.0 
0.0 0.0 0.0 0.0 0.0 0.0 0.0 0.0 0.0 0.0 0.0 0.0 0.0 0.0 0.0 0.043387046146722355 0.0 0.0 0.0 0.0 0.0068344178012850355 0.0 0.0 
0.0 0.0 0.0 0.0 0.0 0.0033751865184500243 0.0 0.0 0.0 0.004507691868360305 0.0028474142522967203 0.0 0.0 0.004444660907689956 0.0 0.0 0.0 0.0 0.0 0.0 0.0 0.0 0.0 
0.032406267244437216 0.0 0.0 0.0 0.0 0.0 0.0 0.0 0.007052300533770478 0.13848001119423486 0.0 0.0 0.0 0.0 0.0 0.0 0.0 0.0 0.0 0.0 0.0 0.0 0.0 
0.0 0.0 0.0023745889813876794 0.0 0.0 0.0 0.7901445155306543 0.0 0.0 0.0 0.0 0.0 0.004092863429002319 0.0 0.0 0.0 0.0 0.0057853574743916125 0.0 0.0 0.0 0.0 0.0 
0.0 0.0 0.0 0.0 0.0 0.0 0.0 0.0 0.0 0.0 0.0 0.30614297420155523 0.0 0.0 0.20068814855640935 0.0 0.0 0.0 0.0 0.0 0.0 0.0 0.0 
0.002789250785383612 0.0026036993780821217 0.45845966346353734 0.0 0.0028888724226703868 0.0024562456192200577 0.0 0.3285573006813626 0.027721444516033242 0.0032490403280931394 0.00295002173134408 0.004817637813558138 0.0 0.0 0.0 0.0 0.0 0.006650072049542179 0.0 0.0 0.0 0.0 0.0 
0.000947503680625324 0.15362515996924112 0.0 0.0 0.0 0.033467654317901115 0.0 0.0 0.0032196337878406607 0.0 0.0 0.0 0.0 0.0 0.0 0.0 0.0 0.01908550157347597 0.0 0.0 0.0 0.0 0.0 
0.0 0.0 0.0 0.0 0.0 0.0 0.0 0.0 0.0 0.00901538373672061 0.0 0.0 0.045586957382248466 0.0 0.0 0.0 0.0 0.0 0.0 0.0 0.0 0.007080832125312673 0.0 
0.0 0.0 0.0 0.002442450124186378 0.0 0.0 0.0 0.0 0.0 0.004507691868360305 0.0 0.0034112682926942806 0.0 0.0 0.0 0.0 0.0 0.0 0.0 0.016741895879291875 0.0 0.0 0.0 
0.0 0.0 0.12740669626725024 0.0 0.0 0.0 0.0 0.1989598913351946 0.0 0.0 0.0 0.0 0.0 0.0 0.0 0.0 0.0 0.0 0.0 0.0 0.0 0.005993487135950405 0.0 
0.0 0.0 0.002463650548803566 0.0 0.0 0.0 0.0 0.0029597156007277743 0.0 0.0 0.058097215121906735 0.6219212240302266 0.0 0.0 0.0 0.0 0.0 0.0 0.0 0.0 0.0 0.0 0.0 
0.0 0.0 0.0 0.0022277352496995967 0.0 0.005926871969827902 0.0 0.0 0.0 0.0 0.0 0.35953202861349576 0.0 0.0 0.0 0.0 0.0 0.0 0.0 0.0 0.0 0.0 0.0 
0.0 0.0 0.80762970893431 0.0 0.0 0.0 0.0 0.0 0.0 0.0 0.0 0.0 0.017155528327051188 0.0652633981680856 0.0 0.0 0.020894897852102495 0.0 0.0 0.0 0.0 0.0 0.0 
0.000947503680625324 0.0 0.0 0.0 0.0 0.0 0.0 0.0034957858626662275 0.07239719756323307 0.0 0.0 0.0 0.008649026414659032 0.0 0.004992824961876362 0.004853872762168132 0.0 0.0 0.0 0.007022543280744975 0.0 0.0 0.0 
0.0 0.0 0.0 0.0 0.0 0.0033751865184500243 0.0 0.0 0.0 0.004507691868360305 0.03805532272644029 0.0 0.0 0.004444660907689956 0.0 0.0 0.0 0.0 0.0 0.0 0.0 0.0 0.0 
0.02786453447007587 0.002625358864137067 0.002471991382380496 0.01060823092553886 0.0 0.0 0.7816695556765428 0.23126919526798104 0.0 0.0 0.0 0.0 0.0 0.0 0.0 0.0 0.0 0.0 0.0 0.0 0.0 0.0 0.0 
0.0 0.0 0.0 0.10917136154784231 0.0 0.0 0.0 0.0 0.0 0.34705842312504515 0.0 0.0 0.0 0.0 0.0 0.0 0.0 0.0 0.0 0.0 0.0 0.0 0.0 
0.0 0.0 0.0 0.0 0.0026062182162437716 0.0 0.0 0.0 0.0 0.0 0.0 0.0 0.0 0.0 0.0 0.0 0.0 0.0 0.0 0.007022543280744975 0.0 0.0 0.0 
0.0 0.3120638818139282 0.04913446046276565 0.0 0.0 0.0 0.0 0.0 0.0 0.0 0.0 0.0 0.0 0.0 0.0 0.0 0.0 0.0 0.0 0.0 0.0 0.0 0.0 
0.0 0.15887587769751524 0.012043514953586616 0.0 0.0 0.014160612055881514 0.0 0.0 0.0 0.0 0.0 0.6219212240302266 0.0 0.0 0.0 0.0 0.005070121784450416 0.01908550157347597 0.0 0.0 0.0 0.0 0.0 
0.0 0.0 0.23664284024919394 0.0 0.0 0.0 0.0 0.0 0.0 0.0 0.0 0.0 0.004288882081762797 0.0652633981680856 0.0 0.0 2.3832657163895186 0.0 0.0 0.0 0.0 0.0 0.0 
0.0 0.0 0.0 0.0 0.0 0.0 0.0 0.0 0.038512260554172964 0.0 0.0 0.0 0.0 0.0 0.0 0.0 0.0 0.006650072049542179 0.0 0.0 0.0 0.0 0.0 
0.15213227959439152 0.0 0.0 0.0 0.0 0.0 0.0 0.0 0.0 0.0 0.0 0.0 0.0 0.0 0.0 0.0 0.0 0.0 0.0 0.0 0.0 0.0 0.0 
0.003967464738139878 0.0 0.0025556777459356944 0.0 0.0 0.0 0.0036681163181035625 0.0 0.0 0.0 0.0 0.0 0.3179274983655982 0.0 0.4123422890081855 0.0 0.0 0.0 0.0 0.007022543280744975 0.0 0.0 0.0 
0.0 0.0 0.0 0.0 0.0 0.0 0.0 0.0 0.0038326667459298177 0.0 0.0 0.01646263912388608 0.0 0.0 0.004319359687978295 0.0 0.0 0.0 0.0 0.0 0.0 0.0 1.1124269758993448 
0.04187471052492951 0.0 0.0 0.0 0.0 0.0 1.6099035485384214 0.0 0.0 0.01803076747344122 0.0 0.0 0.0 0.0 0.0 0.0 0.0 0.0 0.0 0.0 0.0 0.0 0.0 
0.22545294540862285 0.0 0.002463650548803566 0.0 0.0028888724226703868 0.0 0.0 0.0029597156007277743 1.376609653483941 0.0 0.0 0.0 0.0 0.0 0.0 0.0 0.0 0.0 0.0 0.0 0.0 0.0 0.0 
0.0 0.0 0.0 0.0 0.2520064559029982 0.0 0.0 0.0 0.0 0.0 0.0 0.0 0.0 0.0 0.0 0.0 0.0 0.0 0.0 0.6968742269663957 0.0 0.0 0.0 
0.0043195730425522995 0.002625358864137067 0.36471664101972345 0.008068317602561846 0.0 0.0 0.0 0.0034957858626662275 1.140783044225689 0.0 0.0 0.0 0.0 0.0 0.0 0.0 0.005383922540190655 0.0 0.0 0.025710612665913242 0.0 0.0 0.0 
0.0 0.0 0.0 0.0028427620436933293 0.0022867317775499252 0.0 0.0 0.0 0.0 0.0 0.0 0.0 0.0 0.0 0.0 0.0 0.0 0.0 0.0 0.0 0.0 0.0 0.006799663869834548 
0.0 0.0 0.0 0.0 0.0 0.002443426230932827 0.0 0.3565227862045702 1.2766835202130484 0.13157265882279798 0.0 0.0 0.0 0.004589525465208869 0.034946818954026584 0.0 0.0 0.006650072049542179 0.004930854045018798 0.007022543280744975 0.0 0.0 0.0 
0.0 0.0 0.0 0.0 0.0028888724226703868 0.0058782112804204485 0.021900414032072192 0.0 0.0 0.14525986027149596 0.006178128212375387 0.0 0.0 0.0 0.0 0.0 0.0 0.0 0.0 0.0 0.0 0.0 0.0 
0.009804362374844883 0.0 0.0 0.0 0.0 0.0 0.0 0.0 0.0 0.0 0.0 0.0 0.0 0.0 0.0 0.0 0.0 0.0 0.0 0.0 0.0 0.0 0.0 
0.0 0.0 0.00472512855929521 0.23210489248486058 0.0 0.0 0.0 0.0 0.25679026374289254 0.0 0.0 0.0 0.0 0.0 0.0 0.0 0.005383922540190655 0.0 0.0 0.0 0.0 0.0 0.0333490410665354 
0.0 0.0 0.0 0.005146075531556459 0.0 0.0033751865184500243 0.0 0.0 0.0 0.0 0.0 0.0 0.004288882081762797 0.016931399999335826 0.0 0.0 0.005383922540190655 0.0 0.0 0.0 0.0 0.007214984179095776 0.0 
0.0 0.0 0.0 0.24674397442625293 0.5248626575359466 0.0 0.0 0.0 0.0 0.004507691868360305 0.0 0.003598287827794423 0.0 0.0 0.0 0.0044762023685302466 1.5234934511405152 0.0 0.004930854045018798 0.0 0.006470565095309528 0.0 0.0 
0.0 0.0 0.0 0.0 0.0 0.0033751865184500243 0.0 0.0 0.0 0.004507691868360305 0.0028474142522967203 0.0 0.0 0.004444660907689956 0.0 0.0 0.0 0.0 0.0 0.0 0.0 0.0 0.0 
0.0 0.0 0.0 0.0 0.0 0.0 0.0 0.0 0.0 0.0 0.0 0.0 0.0 0.0 0.0 0.0 0.0 0.0 0.0 0.0 0.0 0.0 0.0 
0.0 0.0123649004154891 0.0 0.0 0.0 0.0 0.0 0.0 0.0 0.0 0.0 0.0 0.0 0.0 0.0 0.0 0.0 0.0 0.0 0.0 0.0 0.0 0.0 
0.0 0.0 0.0 0.0 0.0 0.0 0.0 0.0 0.0 0.0 0.0 0.6287437761362307 0.0 0.0 0.0 0.0 0.0 0.0 0.0 0.0 0.0 0.0 0.0 
0.002816417514396507 0.003080274173486407 0.0 0.002442450124186378 0.0 0.0023098796722257034 0.0 0.0 0.0 0.004507691868360305 0.00295002173134408 0.0034112682926942806 0.0 0.0 0.00548299594768339 0.0 0.0 0.0 0.0 0.016741895879291875 0.0 0.0 0.0 
0.005244483375862743 0.5415927386138931 0.0 0.0 0.0 0.0 0.0 0.15900129104600572 0.0 0.0 0.0 0.35953202861349576 0.0 0.0 0.0 0.0 0.0 0.0 0.0 0.0 0.3760274253102352 0.0 0.0 
0.032406267244437216 0.0 0.3469482327577358 0.026360813607129756 0.0 1.1807613606097538 0.0 0.0 0.0 0.0 0.0 0.0 0.0 0.0 0.0 0.0 0.0 0.0 0.0 0.0 0.0 0.0 0.0 
0.003967464738139878 0.0 0.22618746634661915 0.0 0.0 0.0 0.0036681163181035625 0.0 0.0 0.0 0.0 0.0 0.004360131388675272 0.0 0.00548299594768339 0.0 0.0 0.0 0.0 0.6968742269663957 0.0 0.0 0.0 
0.0 0.0 0.0 0.0 0.0 0.0 1.7004727816890053 0.0 0.0 0.0 0.020723825129769384 0.0 0.0 0.0 0.0 0.004853872762168132 0.0 0.0 0.0 0.0 0.0 0.0 0.0 
0.0 0.0 0.0 0.0 0.0 0.0 0.0 0.0 0.0 0.0 0.07035229573069257 0.0 0.0 0.0 0.0 0.0 0.0 0.0 0.0 0.0 0.0 0.0 0.0 
0.0 0.005250695694208971 0.012345082425356953 0.0 0.0 0.002443426230932827 0.03284850028094085 0.003481794059161661 0.007052300533770478 1.4553221839509842 0.0033574581701793665 0.0 0.0 0.004589525465208869 4.451080102857824 0.0 0.0 0.006650072049542179 0.004930854045018798 0.007022543280744975 0.0 0.0 0.020018175208282803 
0.0 0.0 0.0 0.0 0.0 0.0 0.0 0.0 0.0 0.0 0.0 0.0 0.0 0.0 0.0 0.0 0.0 0.0 0.0 0.0 0.0 0.0 0.0 
0.08537558090540188 0.0 0.0 0.0 0.0 0.0 0.0 0.0 0.0 0.0 0.0 0.0 0.0 0.0 0.0 0.005034780550626239 0.0 0.006650072049542179 0.0 0.0 0.0 0.0 0.0 
0.0 0.0 0.0 0.0 0.0 2.411660424752776 0.0 0.0 0.0 0.0 0.005751046381164962 0.0 0.0 0.0 0.0 0.0 0.0 0.0 0.0 0.0 0.0 0.0 0.0 
0.0 0.0 0.0 0.0 0.005495090638914159 0.0 0.0 0.0 0.0 0.0 0.0 0.13261504442737337 0.0 0.0 0.0 0.0 0.0 0.0 0.0 0.0 0.0 0.0 0.0 
0.0 0.15309576951964182 0.0 0.0 0.0 0.0 0.0 0.0 0.0 0.34705842312504515 0.0 0.0 0.0 0.0 0.0 0.0 0.15769753825085794 0.0 0.0 0.0 0.0 0.0 0.0 
0.0058315316290378574 0.0 4.068583551324304 0.0 0.006942585565673362 0.0 0.5084385840190273 0.0 0.02226466885318361 0.0 0.0 0.011824380822510345 0.04701312575934579 0.0 0.0 0.01494517496125286 0.0 0.0 0.48746984573470903 0.0054855753713052005 0.0 0.014429968358191552 0.0 
0.05956441064506495 0.0 0.0 0.0 0.0 0.0 0.0 0.0 0.0 0.0 0.13923031316097864 0.0 0.0 0.0 0.0 0.0 0.0 0.0 0.0 0.0 0.0 0.0 0.0 
0.0 0.0 0.0 0.0 0.0 0.01302022176590149 0.0 0.0 0.0 0.0 0.0 0.0 0.0 0.0 0.0 0.05860096952925864 0.0 0.0 0.0 0.0 0.0068344178012850355 0.0 0.0 
0.000816039999974748 0.5415927386138931 0.0 0.0 0.03481990098133753 0.0 0.0 0.0 0.0 0.0 0.003209543202830154 0.0 0.0 0.0 0.0 0.004853872762168132 0.0 0.0 0.0 0.0 0.0 0.0 0.0 
0.0 0.0 0.0 0.16894374304899173 0.0 0.0 0.0 0.0 0.0 0.0 0.07035229573069257 0.0 0.0 0.0 0.0 0.0 0.16390136750708117 0.0 0.0 0.0 0.0 0.0 0.03390879964585479 
0.0 0.0 0.0 0.0 0.010036873609220759 0.0 0.0 0.0 0.0 0.0 0.0 0.0 0.0 0.0 0.0 0.0 0.0 0.0 0.0 0.0 0.0 0.0 0.0 
0.0 0.0 0.0 0.0 0.0 0.0 0.0 0.0 0.007052300533770478 4.02830387419383 0.0 0.0 0.0 0.0 0.0 0.0 0.0 0.0 0.0 0.0 0.07970320299526298 0.0 0.0 
0.0 0.0 0.0 0.005146075531556459 0.0 0.0033751865184500243 0.0 0.0 0.0 0.0 0.0 0.0 0.004288882081762797 0.016931399999335826 0.0 0.0 0.005383922540190655 0.0 0.0 0.0 0.0 0.007214984179095776 0.0 
0.0008832659051799086 0.0 0.0 0.0 0.0 0.0 0.5084385840190273 0.0 0.0 0.0 0.0 0.0 0.0 0.0 0.0 0.0 0.3383585925587668 0.0 0.0 0.0 0.0 0.0 0.449370687250263 
0.0 0.0 0.0 0.0 0.0 0.0 0.0 0.0 0.0 0.0 0.15712186248107088 0.0 0.0 0.0 0.0 0.0 0.0 0.0 0.0 0.0 0.0 0.0 0.0 
0.002673906170901802 0.54653643367819 0.0 0.008127950917309463 0.0 0.0 0.0 0.0 0.0 0.0 0.6910841850281517 0.008566176838632231 0.0 0.004326444219320866 0.0 0.0 0.0054548100919631715 0.0 0.0 0.0 0.0068344178012850355 0.0 0.0 
0.002248841205383487 0.0 0.002471991382380496 0.0 0.0028888724226703868 0.0 0.0094409692988794 0.0 0.0 0.0 1.4978845653329018 0.0 0.0 0.0 0.0 0.004853872762168132 0.0 0.0 0.0 0.0 0.0 0.0 0.0 
0.0 0.003080274173486407 0.0025556777459356944 0.02264612398362469 0.0 0.012628584317320496 0.0 0.006291335277424954 0.0 0.0 0.0 0.0 0.0 0.0 0.0 0.0 0.005277928772302228 0.0 0.0 0.0 0.0 0.0 0.0 
0.0 0.0 0.0 0.0 0.0 0.0 0.0 0.0 0.0 0.0 0.0 0.0 0.0 0.0 0.0 0.0 0.0 0.0 0.0 0.0 0.0 0.0 0.0 
0.008219952163269163 0.0743407324524721 0.0 0.0 0.0 0.06792853818752757 0.0 0.0 0.0 0.0 0.0 0.0 0.0 0.0 0.0 0.0 0.0 0.01908550157347597 0.0 0.0 0.0 0.0 0.0 
0.0 0.008886294411991196 0.0 0.0 0.0 0.0 0.0 0.0 0.0 0.0 0.0 0.0 0.0 0.0 0.0 0.0 0.0 0.006650072049542179 0.004528309420335966 0.07925213728380902 0.0 0.0 0.0 
0.0007471727277184597 0.004625016379848618 0.0 0.0 0.3607472092075753 0.0 0.0 0.0 0.0 0.0 0.0 0.0 0.0 0.0 0.0 0.0 0.0 0.0 0.0 0.0 0.0 0.0 0.005328498871180155 
0.0 0.0 0.0 0.0 0.0 0.0 0.0 0.0 0.01266022619341321 0.0 0.3210858250446952 0.0 0.0 0.0 0.0 0.0 0.0 0.0 0.0 0.0 0.0 0.0 0.0 
0.0 0.0 0.0 0.0 0.010060620801410318 0.0 0.0 0.0 0.0 0.0 0.0 0.0 0.0 0.0 0.0 0.0 0.0 0.0 0.0 0.0 0.0 0.0 0.0 
0.0013997914902693935 0.0 0.002253134860016498 0.0 0.0 0.0 0.0 0.0 0.0 0.0 0.0 0.0 0.0 0.0 0.0 0.0 0.0 0.0 0.0 0.0 0.0068344178012850355 0.0 0.0 
0.0 0.0 0.0 0.3435730101853701 0.0022867317775499252 0.0 0.0 0.0 0.0 0.0 0.0 0.0 0.0 0.0 0.0 0.0 0.0 0.0 0.0 0.0 0.0 0.0 0.775782429812959 
0.0 0.0 0.0 0.0 0.0 0.0 0.0 0.0 0.0 0.0 0.0 0.0 0.0 0.0 0.0 0.0 0.0 0.0 0.0 0.0 0.0 0.0 0.0 
0.0 0.0 0.0 0.0 0.0 0.0 0.0286744562423935 0.0 0.0 0.0 0.0 0.0 0.0 0.0 0.0 0.0 0.1786709057664976 0.0 0.0 0.0 0.0 0.0 0.0 
0.0 0.0 0.0 0.0 0.0 0.0058782112804204485 0.14822116583829456 0.0 0.0 0.06911683325722749 0.0 0.0 0.0 0.0 0.0 0.0 0.0 0.0 0.0 0.0 0.0 0.0 0.0 
0.0 0.0 0.0 0.0 0.7737125672901135 0.0 0.0 0.0 0.0 0.0 0.0 0.0 0.0 0.0 0.0 0.0 0.0 0.0 0.0 0.0 0.0 0.0 0.0 
0.0 0.0 0.0 0.0 0.0 0.0 0.0 0.0 0.0 0.0 0.0 0.0 0.0 0.12072971670561988 0.0 0.0 0.0 0.0 0.0 0.0 0.0 0.0 0.0 
0.0 0.0 0.0 0.0 0.0 0.0058782112804204485 0.021900414032072192 0.0 0.0 0.06911683325722749 0.0 0.0 0.004147475097238933 0.0 0.0 0.09936630111898824 0.0 0.0 0.0 0.0 0.0 0.0 0.0 
0.1099372219189278 0.0 0.0 0.0 0.0 0.0 0.0 0.0 0.0 0.0 0.0 0.0 0.0 0.0 0.0 0.0 0.0 0.0 0.0 0.0 0.0 0.0 0.0 
0.2239292377203824 0.0 0.0 0.0 0.0 0.0 0.0 0.0 0.0 0.0 0.0 0.0 0.0 0.0 0.0 0.0 0.0 0.0 0.0 0.0 0.0 0.0 0.0 
0.30642434571005916 0.005229036208154026 0.0 0.005174447944588724 0.0 0.0 0.0 0.0 0.0 0.7031322299868109 0.0033574581701793665 0.0 0.0 0.004290036579359658 0.0 0.0 0.015440087760139325 0.0 0.0 0.0 0.0 0.0 0.0 
0.0 0.0 0.0 0.0 0.0 0.01577301103311384 0.0 0.0 0.0 0.0 0.0 0.0 0.0 0.058153094225166575 0.0 0.0 0.0 0.0 0.0 0.0 0.0 0.0 0.0 
0.0 0.0 0.0 0.15864185498370517 0.0 0.0 0.00677182787989648 0.0 0.0 0.0 0.0 0.0 0.004288882081762797 0.0 0.0 0.0 0.0 0.0 0.0 0.0 0.0 0.01290422249095265 0.0 
0.0 0.0 0.0 0.0 0.010036873609220759 0.0 0.0 0.05841529492705415 0.0 0.0 0.0 0.0 0.0 0.0 0.0 0.0 0.0 0.0 0.0 0.0 0.0 0.0 0.0 
0.0058315316290378574 0.0 0.04026792268066738 0.0 0.006942585565673362 0.0 0.0036681163181035625 0.0 0.02226466885318361 0.0 0.0 0.011824380822510345 0.34420746845478284 0.0 0.0 0.22862295216048217 0.0 0.0 0.004971570172450578 0.0054855753713052005 0.0 0.4669089857684341 0.0 
0.0 0.0 0.0 0.020002038713947935 0.0 0.0 0.0 0.0 0.0 0.0 0.0 0.0 0.0 0.0 0.0 0.0 0.0 0.0 0.0 0.0 0.0 0.0 0.0 
0.0 0.0 0.0 0.0 0.0 0.0 0.0 0.0 0.0 0.0 0.0 0.0 0.0 0.0 0.0 0.0 0.0 0.0 0.0 0.0 0.0 0.0 0.0 
0.0 0.0 0.0 0.0 0.17748473218111727 0.011304662127125359 0.9192883826897661 0.0 0.0 0.0 0.0 0.0 0.0 0.0 0.0 0.0 0.0 0.006650072049542179 0.0 0.0 0.0 0.0 0.0 
0.0 0.0 0.0 0.03797733673143838 0.0 0.0 0.0 0.0 0.0 0.0 0.0 0.0 0.004288882081762797 0.0 0.20068814855640935 0.0 0.0 0.0 0.0 0.0 0.0 0.13115693776972953 0.0 
0.0 0.0050972063962855235 0.04726972810274998 0.0 0.0 0.0 0.0 0.0 0.0 0.0 0.0 0.019270551254232552 0.004288882081762797 0.0 0.0 0.004853872762168132 0.5035133454592763 0.0 0.0 0.0 0.0 0.0 0.006799663869834548 
0.0 0.0 0.0 0.16894374304899173 0.0 0.0 0.0 0.17477959904312343 0.0 0.0 0.0 0.0 0.0 0.0 0.0 0.0 0.0 0.0 0.0 0.0 0.0 0.0 0.03390879964585479 
0.15213227959439152 0.0 0.0 0.0 0.0 0.0 0.0 0.0 0.0 0.0 0.0 0.0 0.0 0.0 0.0 0.0 0.0 0.0 0.0 0.0 0.0 0.0 0.0 
0.0 0.0 0.0 0.0 0.0 0.0 0.0 0.0 0.0 0.0 0.0 0.0 0.0 0.0 0.0 0.0 0.0 0.0 0.0 0.0667196370173385 0.0 0.0 0.0 
0.0 0.0 0.0 0.0 0.0 0.13791279585976243 0.0 0.0 0.0028980903642347785 0.0033163017805343032 0.2759690119537881 0.0 0.0 0.0 0.0 0.0 0.0 0.0 0.0 0.0 0.006726107157044361 0.0 0.0 
0.0 0.0 0.0 0.0028427620436933293 0.0022867317775499252 0.0 0.0 0.0 0.0 0.0 0.0 0.0 0.0 0.0 0.0 0.0 0.0 0.0 0.0 0.0 0.0 0.0 0.006799663869834548 
0.0 0.0 0.0 0.0 0.0 0.0 0.0 0.0 0.0 0.0 0.7567105423307466 0.0 0.0 0.016700382709631482 0.0 0.0 0.0 0.0 0.0 0.0 0.0 0.0 0.0 
0.0 0.0 0.0 0.0 0.0 0.0 0.0 0.0 0.0 0.0 0.01192619970921324 0.0 0.0 0.0 0.0 0.0 0.0 0.0 0.0 0.0 0.0 0.0 0.0 
0.0 0.0 0.0 0.0 0.0 0.0 0.0 0.0 0.0 1.1109928856834497 0.0 0.0 0.0 0.0 0.0 0.0 0.0 0.0 0.0 0.0 0.0 0.0 0.0 
0.0 0.0 0.0 0.17827959470963045 0.00491475357704847 0.0 0.0 0.0 0.0 0.0 0.0 0.0 0.0 0.0 0.0 0.3256835010973275 0.0 1.372601657311386 0.0 0.0 0.0 0.0 0.0 
0.001895000346861541 0.0 0.3364537959512423 0.0 0.0 0.4516028271492884 0.0 0.0 0.0 0.004507691868360305 0.029219090744529105 0.0 0.01663975289861883 0.008284270095826574 0.004992824961876362 0.0 0.0054548100919631715 0.0 0.0 0.0 0.0 0.0 0.0 
0.0 0.0 0.0 0.0 0.0 0.0 0.0 0.0 0.0 0.7182410931655691 0.0 0.0 0.0 0.0 0.0 0.0 0.0 0.0 0.0 0.0 0.0 0.0 0.0 
0.0 0.0 0.0 0.0 0.0 0.0 0.0 0.0 0.0 0.0 0.0 0.0 0.0 0.0 0.0 0.0 0.0 0.0 0.0 0.0 0.0 0.0 0.0 
0.028072847797786942 0.0 0.0 0.0 0.0 0.0 0.0 0.0 0.0 0.0 0.0 0.0 0.0 0.0 0.0 0.0 0.0 0.0 0.0 0.0 0.0 0.0 0.0 
0.0 0.0 0.0 0.0 0.0 0.0 0.0 0.0 0.0 0.0 0.0 0.0 0.0 0.0 0.0 0.0 0.0 0.0 0.0 0.0 0.0 0.0 0.0 
0.0 0.0 0.0 0.0479761804041946 0.0 0.0 0.0 0.0 0.0028980903642347785 0.06891774795061496 0.0 0.6219212240302266 0.0 0.0 0.00548299594768339 0.0 0.0 0.0 0.0 0.007022543280744975 0.006726107157044361 0.0 0.0 
0.06369944913898022 0.05071162131263199 0.04026792268066738 0.0 0.006942585565673362 0.0 0.0036681163181035625 0.0 0.02226466885318361 0.0 0.0 0.011824380822510345 0.1050027437865173 0.0 0.0 0.01494517496125286 0.0 0.0 0.004971570172450578 0.0054855753713052005 0.0 0.014429968358191552 0.0 
0.0 0.002259483212110244 0.0 0.002259462036686415 0.0 0.0 0.002906742192341876 0.0 0.0 0.0 0.0 0.0 0.006904231723853795 0.0 0.0 0.0 0.005070121784450416 0.006650072049542179 0.004725248661029815 0.0 0.0 0.0 0.006799663869834548 
0.0 0.0 0.011097455905123321 0.0 0.0 0.0033751865184500243 0.0 0.0 0.0 0.004507691868360305 0.0028474142522967203 0.0 0.004288882081762797 0.1394161181515511 0.0 0.0 0.020894897852102495 0.0 0.0 0.0 0.0 0.0 0.0 
0.0 0.0 0.0 0.002442450124186378 0.0 0.0 0.0 0.0034957858626662275 0.0 0.004507691868360305 0.0 0.0034112682926942806 0.02489790698764344 0.0 0.0 0.0 0.0 0.0 0.0 0.3858101357124714 0.0 0.0 0.0 
0.0 0.0 0.0 0.0 0.0 0.0 0.0 0.0 0.002861567810674017 0.0 0.0 0.0 0.006904231723853795 0.0 0.004992824961876362 0.0 0.0 0.006650072049542179 0.0 0.005327532945593902 0.0 0.0 0.0 
0.0 0.0 0.22383609268535393 0.22357664129517593 0.0 0.0 0.2658196701011318 0.0 0.0 0.0 0.0 0.0 0.0 0.0 0.004992824961876362 0.0 0.0 0.0 0.0 0.0 0.0 0.0 0.0 
0.22329315888734666 0.0 0.0 0.0 0.0 0.0 0.0 0.0 0.0 0.0 0.17792091499826204 0.0 0.0 0.016700382709631482 0.0 0.0 0.0 0.0 0.0 0.0 0.0 0.0 0.0 
0.0 0.0 0.0 0.0 0.0 0.0 0.0 0.0 0.0 0.0 0.0 0.0 0.011264363112529069 0.0 0.0 0.004875613860000382 0.0 0.0 0.0 0.0 0.0 0.0 0.0 
0.0 0.0 0.0 0.0 0.0 0.0 0.0 0.0 0.0 0.0 1.4503154212213651 0.0 0.0 0.016700382709631482 0.0 0.0 0.010140243568900833 0.006650072049542179 0.0 0.0 0.0 0.0 0.0 
0.0 0.0 0.0 0.0 0.0028888724226703868 0.0 0.5084385840190273 0.0 0.0 0.0 0.0 0.0 0.0 0.0 0.014387190551902976 0.0 0.005277928772302228 0.0 0.0 0.0 0.006470565095309528 0.0 0.0 
0.0 0.0743407324524721 0.0023745889813876794 0.0028427620436933293 0.0 0.03507159714866307 0.0 0.0 0.0 0.00901538373672061 0.0 0.0 0.0 0.004063223290655783 0.004524434212730908 0.0 0.004806035793041188 0.04974171809573517 0.0 0.0 0.0 0.0 0.0 
0.002027396941263399 0.0 0.0 0.10152551802715104 0.002347311202006713 0.0554531917878944 0.0 0.0 0.0 0.7031322299868109 0.0 0.0 0.0 0.0 0.0 0.0 0.0 0.0 0.0 0.01802080417573446 0.0 0.0 0.0 
0.0038612037575521292 0.003080274173486407 0.0 0.0 0.0845011561005012 0.46042014406991905 0.021900414032072192 0.0 0.0 0.35945129289968725 0.0 0.0 0.0 0.0 0.00548299594768339 0.0 0.0 0.0 0.0 0.0 0.0 0.0 0.0 
0.0 0.0 0.0 0.0 0.09944895387139704 0.0 0.0 0.5807361056156388 0.0 0.0 0.0 0.0 0.0 0.0 0.0 0.05860096952925864 0.0 0.0 0.0 0.0 0.04080167479909403 0.0 0.0 
0.0 0.0 0.0 0.0 0.3607472092075753 0.0 0.0 0.0 0.0 0.003513096878520481 0.5639217132564108 0.0 0.0 0.0 0.0 0.0 0.0 0.0 0.0 0.0 0.0 0.0 0.0 
0.22176945119910624 0.0 0.0 0.0 0.0 0.0 0.0 0.0 0.002746378169380561 0.0 0.0 0.0 0.0 0.0 0.3095412683257406 0.0 0.0 0.0 0.0 0.0 0.0 0.0 0.0 
0.0 0.0 0.0 0.0 0.0 0.0 0.0 0.0 0.04107703520287148 0.0 0.0 0.0 0.0 0.0 0.0 0.0 0.0 0.0 0.0 0.0 0.0 0.04482652439170719 0.0 
0.09441928889666393 0.0 0.0 0.0 0.0 0.0 0.0 7.775254966204848 0.0 0.0 0.0 0.0 0.0 0.0 0.0 0.0 0.0 0.0 0.0 0.0 0.0 0.0 0.0 
0.0 0.0 0.0 0.0 0.0 0.0 0.0 0.0 0.0 0.0 0.07035229573069257 0.0 0.0 0.0 0.0 0.0 0.0 0.0 0.0 0.0 0.0 0.0 0.0 
0.0 0.0 0.0019468177469037405 0.10062628491157871 0.0 0.0 0.18039669679660342 0.0 0.0 0.0 0.0 0.0 0.004288882081762797 0.004326444219320866 0.00486991595583949 0.0 0.0 0.0 0.0 0.0 0.0 0.0 0.0 
0.0 0.0 0.0 0.0 0.0 0.0 0.08417168948798749 0.003186247100239115 0.0028470082355852083 0.0 0.0 0.0 0.0 0.0 0.0 0.0 0.0 0.0 0.0 0.0 0.0 0.0 0.449370687250263 
0.3079909253445239 0.5186066916658268 0.0 0.0 0.0 0.0 0.0 0.0 0.0 0.0 0.0 0.0 0.0 0.0 0.004739805129750017 0.0 0.0 0.0 0.0 0.0 0.5842371433562836 0.0 0.0 
0.09441928889666393 0.0 0.0 0.0 0.0 0.0 0.0 7.972857943422806 0.0 0.0 0.0 0.0 0.0 0.0 0.0 0.0 0.0 0.0 0.0 0.0 0.0 0.0 0.0 
0.0 0.0 0.0 0.0 0.0 0.0 0.0 0.0 0.7007223764168936 0.0 0.0 0.0 0.004147475097238933 0.0 0.0 0.22775774099829124 0.0 0.0 0.0 0.007022543280744975 0.0 0.0 0.0 
0.0018496382925040937 0.8308708190639535 0.0 0.0 0.0 0.0 0.0 0.0 0.04419960515678675 0.0 0.0 0.004817637813558138 0.0 0.03892922950020406 0.0 0.0 0.0 0.0 0.0 0.0 0.006470565095309528 0.0 0.007090946677946383 
0.0 0.0 0.0 0.0 0.0 0.0 1.12945269764032 0.0 0.0 0.0 0.0 0.0 0.1910362840407017 0.0 0.023087976148641214 0.0 0.0 0.0 0.0 0.0 0.0 0.0 0.0 
0.0 0.0 0.0 0.0 0.17748473218111727 0.0 0.0 0.0 0.0 0.0 1.072376187629138 0.0 0.0 0.0 0.0 0.0 0.0 0.0 0.0 0.0 0.0 0.0 0.0 
0.0 0.1444916874142546 0.0 0.0 0.3607472092075753 0.0 0.0036681163181035625 0.0 0.0 0.0 0.0 0.0 0.0 0.0 2.033552894088657 0.0 0.005277928772302228 0.0 0.0 0.0 0.02640513378457294 0.0 0.0 
0.0 0.0 0.0 0.0 0.0 0.0029391056402102243 0.0 0.0 0.0 0.0 0.0 0.0 0.0 0.0 0.0 0.0 0.0 0.0 0.0 0.0 0.0 0.0 0.0 
0.0058315316290378574 0.0 0.10273075717158141 0.0 0.006942585565673362 0.0 0.0036681163181035625 0.0 0.02226466885318361 0.0 0.0 0.011824380822510345 0.04701312575934579 0.0652633981680856 0.0 0.01494517496125286 0.2952888740699571 0.0 0.004971570172450578 0.0054855753713052005 0.0 0.014429968358191552 0.0 
0.0 0.0 0.0023745889813876794 0.3435730101853701 0.0 0.0033751865184500243 0.0 0.0 0.0 0.7121476137235314 0.0 0.0 0.0 0.004063223290655783 0.0 0.0 0.004806035793041188 0.0057853574743916125 0.0 0.0 0.0 0.0 0.03390879964585479 
0.0 0.0 0.0 0.0 0.0 0.0 0.0 0.0 0.22590879198043826 0.0 0.0 0.0 0.0 0.0 0.0 0.0 0.0 0.0 0.0 0.0 0.0 0.0 0.0 
0.09121441451350054 0.0 0.0 0.0 0.0 0.0 0.0 0.0 0.0 0.0 0.0 0.0 0.0 0.0 0.0 0.0 0.0 0.44423374167137764 0.0 0.0 0.0 0.0 0.0 
0.0 0.0 0.0 0.0 0.0 0.0 0.0 0.0 0.0 0.0 0.0 0.0 0.0 0.0 0.0 0.08039051836189312 0.0 0.0 0.0 0.0 0.0 0.0 0.0 
0.005555059482370349 0.0 0.0 0.0 0.0 0.0 0.0 0.0 0.0 0.0 0.03660294701189214 0.0 0.0 0.0 0.0 0.0 0.0 0.0 0.0 0.0 0.0 0.0 0.0 
0.09779069189162569 0.11067327538496122 0.04026792268066738 0.0 0.019662915976687494 0.0 0.0036681163181035625 0.0 0.02226466885318361 0.0 0.0 0.011824380822510345 0.0192176807979101 0.0 0.0 0.01494517496125286 0.0 0.0 0.004971570172450578 0.0054855753713052005 0.0 0.014429968358191552 0.005328498871180155 
0.0 0.0 0.0 0.0 0.0 0.0 0.0 0.0 0.0 0.0 0.0 0.0 0.0 0.0 0.0 0.0 0.0 0.0 0.0 0.0 0.0 5.2899207683564775 0.0 
0.0 0.0 0.0 0.3435730101853701 0.12785835089834782 0.0 0.0 0.0 0.0 0.0 0.0 0.004817637813558138 0.004092863429002319 0.0 0.0 0.0 0.0 0.0 0.0 0.0 0.0 0.0 0.03390879964585479 
0.002816417514396507 0.003080274173486407 0.0 0.0 0.0 0.035680093662960016 0.0 0.0 0.0 0.0 0.058097215121906735 0.0 0.0 0.0 0.00548299594768339 0.0 0.0 0.0 0.0 0.0 0.0 0.0 0.006888107114346116 
0.0018631830778704506 0.003080274173486407 0.0 0.0 0.0 0.0 0.0 0.0 0.0 0.0 0.0 0.6219212240302266 0.004288882081762797 0.07222811661012013 0.0 0.0 0.0 0.0 0.0 0.0 0.0 0.0 0.0 
0.0 0.0 0.0 0.0 0.0 0.0 0.0 0.0 0.005819664351094772 0.0 1.7837984668479954 0.026483602043040663 0.0 0.016700382709631482 0.0 0.0 0.0 0.0 0.0 0.0 0.0 0.0 0.0 
0.0 0.5779667496570184 0.0 0.0 0.0 0.0 0.0 0.0 0.0 0.0 0.0 0.0 0.0 0.0 0.0 0.0 0.0 0.0 0.0 0.0 0.0 0.0 0.0 
0.0 0.0 0.0 0.0 0.0 0.0 0.0 0.0 0.03633502325329074 0.0 0.0 0.0 0.0 0.0 0.4792903773742399 0.0 0.0 1.372601657311386 0.0 0.2248884766432394 0.0 0.0 0.0 
0.0 0.0 0.0 0.0 0.0 0.0033751865184500243 0.0 0.0 0.0 0.7031322299868109 0.0028474142522967203 0.0 0.0 0.004444660907689956 0.0 0.0 0.0 0.0 0.0 0.0 0.0 0.0 0.0 
0.0 0.0 0.0 0.34817963716109634 0.0 0.0 0.0 0.0 0.0032196337878406607 0.0 0.0 0.0 0.0 0.0 0.0 0.0 0.0 0.0 0.0 0.0 0.0 0.0 4.540957441492712 
0.0 0.0026036993780821217 0.002463650548803566 0.0 0.0 0.0024562456192200577 0.0 0.0029597156007277743 0.8213827467226676 0.0032490403280931394 0.0 0.0 0.0 0.0 0.0 0.0 0.0 0.006650072049542179 0.0 0.0 0.0 0.0 0.0 
0.001895000346861541 0.0 0.002463650548803566 0.0 0.0 0.0029391056402102243 0.0 0.0 0.0 0.004507691868360305 0.045757588300544494 0.0 0.01663975289861883 0.008284270095826574 0.0 0.0 0.0054548100919631715 0.0 0.0 0.0 0.0 0.0 0.0 
0.032406267244437216 0.0026036993780821217 0.002463650548803566 0.0 0.0 0.05424550917120714 0.0 0.0029597156007277743 0.027721444516033242 0.12255726122702365 0.0 0.0 0.0 0.0 0.0 0.0 0.0 0.9017676274418397 0.0 0.0 0.0 0.0 0.0 
0.0 0.0051186896098191674 0.0 0.0 0.002347311202006713 0.0 0.0 0.003481794059161661 0.0 0.0 0.0 0.0 0.0 0.0 0.0 0.0 0.0 0.0 0.0 0.0 0.0 0.0 0.0 
0.011397610716695905 0.002625358864137067 0.009887965529521984 0.0 0.0028888724226703868 0.0 0.0036681163181035625 0.0029833885689666776 0.0 0.0 0.012897611000176232 0.0 0.0 0.0 0.0 0.0 0.0 0.0 0.0 0.0 0.0 0.0 0.0 
0.015717857140602514 0.0 0.04026792268066738 0.002290424771828029 0.22841400581264787 0.0025083558108321734 0.0036681163181035625 0.0 0.05219467119822685 0.004507691868360305 0.0 0.011824380822510345 0.0192176807979101 0.0 0.0 0.01494517496125286 0.0 0.006650072049542179 0.004971570172450578 0.6138167554960137 0.0 0.014429968358191552 0.0 
0.05638070568822765 0.003080274173486407 0.0 0.0 0.0 0.0 0.0 0.0 0.0 0.0 0.0 0.0 0.0 0.0 0.0 0.0 0.0 0.0 0.0 0.0 0.006470565095309528 0.0 0.0 
0.0 0.0 0.0 0.0 0.0 0.0 0.0 0.0 0.0 0.0 0.0 0.0 0.0 0.0 0.0 0.0 0.0 0.0 0.0 0.0 0.0 0.0 0.0 
0.0 0.0 0.0 0.0 0.0026062182162437716 0.0 0.0 0.0 0.7602832307772303 0.0 0.0 0.004817637813558138 0.004092863429002319 0.0 0.0 0.0 0.0 0.0 0.0 0.6968742269663957 0.0 0.0 0.0 
0.0 0.0 0.0 0.0 0.03190312440362575 0.0 0.0 0.0 0.005819664351094772 0.0 0.0 0.02188313644010007 0.0 0.0 0.0 0.0 0.0 0.0 0.0 0.0 0.0 0.0 0.0 
0.0 0.0 0.0 0.0 0.0 0.0058782112804204485 0.10114974054893139 0.0 0.0 0.06911683325722749 0.0 0.0 0.0 0.0 0.0 0.0 0.0 0.0 0.0 0.0 0.0 0.0 0.0 
0.0 0.0 0.0 0.0 0.0 0.0 0.0 0.0 0.0 0.0 0.0 0.01631239956706794 0.0 0.0 0.0 0.0 0.0 0.0 0.0 0.0 0.0 0.0 0.0 
0.0 0.002259483212110244 0.0 0.17827959470963045 0.0 0.0 0.1740709598152765 0.0 0.0056368822465255675 0.0 0.0 0.0 0.0 0.0 0.0 0.0 0.005070121784450416 0.006650072049542179 0.004725248661029815 0.0 0.0 0.0 0.6944550224848982 
0.22437212624862254 0.0 0.002471991382380496 0.0 0.3607472092075753 0.0 0.0 0.0 0.0 0.0 0.012897611000176232 0.0 0.0 0.0 0.0 0.0 0.0 0.0 0.0 0.0 0.0 0.0 0.0 
0.0 0.0743407324524721 0.0 0.0 0.0 0.014160612055881514 0.0 0.0 0.0 0.0 0.0 0.0 0.0 0.0 0.0 0.0 0.0 2.00285938689859 0.0 0.34141457020245286 0.0 0.0 0.0 
0.0 0.0 0.0 0.0 0.0 0.0 0.0 0.0 0.0 0.0 0.0 0.0 0.0 0.0 0.0 0.0 0.0 0.006650072049542179 0.004528309420335966 0.07925213728380902 0.0 0.0 0.0 
0.0058315316290378574 0.0 0.04026792268066738 0.0 0.006942585565673362 0.0 0.0036681163181035625 0.0 0.02226466885318361 0.0 0.0 0.1392284562412157 0.04673031179029807 0.0 0.0 0.22862295216048217 0.0 0.0 0.004971570172450578 0.0054855753713052005 0.0 0.014429968358191552 0.0 
0.0 0.0 0.0 0.0 0.0 0.0 0.0 0.0 0.0 0.0 0.1668443050668167 0.0 0.0 0.0 0.0 0.0 0.0 0.0 0.0 0.0 0.0 0.0 0.0 
0.0 0.0 0.0 0.4777252797547878 0.0 0.0 0.0 0.0 0.0 0.0 0.0 0.0 0.0 0.0 0.0 0.0 0.0 0.0 0.1208308789658523 0.051932087741570085 0.0 0.0 0.03390879964585479 
0.0 0.0 0.0 0.3435730101853701 0.06684810516986922 0.0 0.0 0.0 0.0 0.006801850325033268 0.024164316040123743 0.006511518973913487 0.0 0.0 0.0 0.0 0.0 0.0 0.0 0.0 0.0 0.13145844399117473 0.03390879964585479 
0.003184448482082689 0.0 0.0 0.010311513254995035 0.0 0.467424688107824 0.08023330010704545 0.0 0.0032196337878406607 1.9023776987536072 0.010135170600077938 0.0 0.0 0.0 0.0 0.0 0.0 0.0 0.0 0.0 0.0 0.0 0.6312678767253544 
0.0 0.0 0.0 0.0 0.0 0.0 0.0 0.0 0.0 0.0 1.5717766387383663 0.0 0.0 0.0 0.0 0.0 0.0 0.0 0.0 0.0 0.0 0.0 0.0 
0.0 0.0 0.0 0.0 0.0 0.0 0.0 0.0 0.0 0.0 0.0 0.0 0.0 0.03143340109254731 0.0 0.0 0.0 0.0 0.0 0.0 0.0 0.0 0.0 
0.1099372219189278 0.0 0.0 0.0 0.2520064559029982 0.01398018903304521 0.0 0.0 0.0 0.0 0.0 0.0 0.0 0.0 0.0 0.0 0.0 1.9829091707499635 0.0 0.0 0.0 0.0 0.0 
0.0 0.003080274173486407 0.0 0.0047328585900299055 0.0 0.0033751865184500243 0.0 0.006291335277424954 0.0 0.0 0.0 0.0 0.0 0.0 0.0 0.0 0.005277928772302228 0.0 0.0 0.0 0.0 0.0 0.0 
0.0 0.0 0.0 0.0 0.0 0.0 0.0286744562423935 0.0 0.0 0.0 0.0 0.0 0.0 0.0 0.0 0.0 0.0 0.0 0.0 0.0 0.013566419598261978 0.0 0.0 
0.0 0.15309576951964182 0.0 0.0 0.0 0.0 0.0 0.0 0.0 0.0 0.0 0.0 0.0 0.0 0.0 0.0 0.0 0.0 0.0 0.0 0.0 0.0 0.0 
0.000947503680625324 0.1058146626598836 0.0 0.0 0.0 0.0 0.0 0.0 0.0 0.0 0.0 0.003598287827794423 0.0 0.0 1.0828254131081703 0.0 0.0 0.0 0.0 0.0 0.0 0.0 0.0 
0.0 0.0 0.002463650548803566 0.0 0.0 0.0029391056402102243 0.0 0.0 0.0 0.0 0.19278901500460632 0.0 0.0 0.0 0.3095412683257406 0.0 0.0 0.0 0.0 0.0 0.0 0.0 0.0 
0.0 0.0 0.0 0.0 0.002347311202006713 0.0 0.002748745038367751 0.0 0.0 0.0 0.0 0.0 0.0 0.0 0.0 0.0 0.0 0.0 0.0 0.0 0.0 0.0 0.0 
0.0 0.0 0.0025627674544760853 0.002303325134994916 0.0 0.0 0.0029907339284981553 0.0 0.0 0.0 0.0 0.0 0.0 0.0 0.3095412683257406 0.0 0.0 0.0 0.0 0.0 0.0 0.0 0.0 
0.0 0.00791011922308759 0.0 0.695388975067311 0.0 0.0033751865184500243 0.0 0.0 0.0 0.0 0.0 0.0 0.0 0.0 0.0 0.0 0.0 0.0 0.0 0.0 0.0 0.0 0.03390879964585479 
0.0 0.0 0.011591349097788374 0.0 0.0 0.0 0.0 0.0 0.0 0.0 0.0 0.004817637813558138 0.004288882081762797 0.0 0.0 0.004853872762168132 0.005070121784450416 0.0 0.0 0.0 0.0 0.0 0.006799663869834548 
0.0 0.0 0.0 0.0 0.25662352662460763 0.0 0.0 0.003481794059161661 0.0 0.0 0.0 0.0 0.0 0.08923828868393638 0.0 0.0 0.0 0.0 0.0 0.0 0.0 0.005993487135950405 0.0 
0.15213227959439152 0.0 0.10935527888820086 0.0 0.0 0.0 0.0 0.0 0.0 0.0 0.0 0.0 0.0 0.0 0.0 0.0 0.0 0.0 0.0 0.0 0.0 0.0 0.0 
0.0 0.0 0.011591349097788374 0.0 0.0 0.0 0.0 0.0 0.0 0.0 0.0 0.6219212240302266 0.004288882081762797 0.0 0.0 0.004853872762168132 0.005070121784450416 0.0 0.0 0.0 0.0 0.0 0.006799663869834548 
0.18635516138741526 0.017528495450109875 1.7244387283373297 0.0 0.0 0.0 0.006658834652725487 0.0 0.10007090943183629 0.0 0.0 0.004196425183222801 0.0 0.0 0.0 0.0 0.0 0.0 0.0 0.0 0.0 1.7715575164949022 0.02017839394804581 
0.003449964152964466 0.2942340925567834 0.002471991382380496 0.0 0.0 0.0 0.0036681163181035625 0.0029833885689666776 0.0 0.0 0.0 0.0 0.0 0.0 0.0 0.0 0.0 0.0 0.0 0.0 0.0 0.0 0.0 
0.002974900621888723 0.0 0.0 0.0 0.0 0.0058782112804204485 0.021900414032072192 0.0 0.0 3.242872841304265 0.016449920375175755 0.008569358564783856 0.0 0.0 0.0 0.0 0.0 0.0 0.0 0.0 0.03301718369634646 0.007214984179095776 0.0 
0.0 0.045222494999297314 0.0 0.0 0.0 0.0 0.0 0.0 0.0 0.0 0.0 0.0 0.0 0.0 0.0 0.0 0.0 0.013300198675868955 0.0 0.0 0.0 0.0 0.0 
0.003184448482082689 0.0 0.0 0.0028427620436933293 0.0 0.04738210275955684 0.018216236021450533 0.0 0.0032196337878406607 0.011573557166659771 0.3345140661622976 0.0 0.0 0.0 0.0 0.0 0.0 0.0 0.0 0.0 0.0 0.0 0.007090946677946383 
0.0 0.2677160951334602 0.0 0.0 0.0 0.0 0.0 0.0 0.0 0.0 0.0 0.0 0.0 0.0 0.0 0.0 0.0 0.0 0.0 0.0 0.0 0.0 0.21788567975529696 
0.0 0.0 0.0 0.0 0.0 0.0033751865184500243 0.0 0.0 0.0 0.004507691868360305 0.0028474142522967203 0.0 0.0 0.004444660907689956 0.0 0.0 0.0 0.0 0.0 0.0 0.0 0.0 0.0 
0.22176945119910624 0.002195710017309808 0.0 0.0 0.0 0.0 0.0 0.0 0.0 0.0 0.0 0.13820376193331602 0.0 0.0 0.010475846611986778 0.0 0.0 0.0 0.0 0.0 0.0 0.0 0.0 
0.0 0.0 0.0023745889813876794 0.0028427620436933293 0.0 0.0033751865184500243 0.0 0.0 0.0 0.00901538373672061 0.0 0.0 0.0 0.004063223290655783 0.0 0.0 0.004806035793041188 0.0057853574743916125 0.0 0.0 0.0 0.0 0.0 
0.0 0.0 0.0 0.002078889564319002 0.0 0.0058782112804204485 1.6384438350697221 0.0929214089509593 0.0 0.06911683325722749 0.0 0.0 0.0 0.0 0.2817290832800685 0.0 0.0 0.0 0.0 0.0 0.0 0.0 0.0 
0.0 1.721142260833064 0.0 0.5391944387088791 0.0 0.6790831967107878 0.0 0.0 0.0 0.0 0.0 0.0 0.0 0.0 0.0 0.0 0.0 0.0 0.0 0.0 0.0 0.0 0.03390879964585479 
0.0 0.045222494999297314 0.0 0.0 0.0 0.0 0.0 0.0 0.0 1.095267571795459 0.0 0.0 0.045586957382248466 0.04429309319899382 0.0 0.0 0.0 0.013300198675868955 0.0 0.0 0.0 0.007080832125312673 0.0 
0.0 0.0 0.0 0.0 0.0 0.0 0.0 0.0 0.7359098111845616 0.0 0.0 0.0 0.0 0.0 0.0 0.009367124682907532 0.0 1.372601657311386 0.0 0.0 0.0 0.0 0.0 
0.0 0.0 0.011591349097788374 0.0 0.0 0.0 0.0 0.0 0.0 0.0 0.0 0.004817637813558138 0.004288882081762797 0.0 0.0 0.004853872762168132 0.005070121784450416 0.0 0.0 0.0 0.0 0.0 0.449370687250263 
0.30796383577379116 0.003080274173486407 0.0 0.0 0.0028888724226703868 0.0 0.0036681163181035625 0.0 0.0 0.0 0.0 0.0 0.0 0.0 0.014387190551902976 0.0 0.005277928772302228 0.0 0.0 0.0 0.3913349708140629 0.0 0.0 
0.0 0.0 0.0 0.0 0.0 0.4516028271492884 0.0 0.0 0.0 0.0 0.0 0.0 0.0 0.0 0.0 0.0 0.0 0.0 0.0 0.0 0.0 0.0 0.0 
0.0 0.0 0.9462042716434621 0.0022164724732619124 0.0 0.0033751865184500243 0.0 0.003481794059161661 0.0 0.0 0.0 0.004817637813558138 0.46399225369492614 0.004589525465208869 0.0 0.01965054025287979 0.005070121784450416 0.0 0.0 0.0 0.0 0.0 0.006799663869834548 
0.15213227959439152 1.980703812858586 0.0 0.0 0.0 0.0 0.0 0.0 0.0 0.0 0.0 0.0 0.0 0.016700382709631482 0.0 0.0 0.0 1.3925520371903664 0.0 0.0 0.0 0.0 0.0 
0.0 0.0 0.14539625246393734 0.0 0.07864760809826649 0.0 0.0 0.0 0.47053525719135453 0.0 0.0 0.0 0.2044934672199558 0.0 0.0 0.0 0.0 0.0 0.0 0.0 0.0 0.0 0.0 
0.5489831345326862 0.0 0.002463650548803566 0.0 0.0028888724226703868 0.0 0.0 0.0029597156007277743 0.007052300533770478 0.0 0.0 0.0 0.0 0.0 0.0 0.0 0.0 0.0 0.0 0.0 0.0 0.0 0.0 
0.0 0.5415927386138931 0.0 0.0 0.0 0.0 0.0 0.0 0.0 0.0 0.0 0.0 0.0 0.0 0.0 0.0 0.0 0.0 0.0 0.0 0.0 0.0 0.0 
0.0 0.0743407324524721 0.0 0.0 0.0 0.05093054836601375 0.0036681163181035625 0.0 0.5165706083544539 0.0 0.0 0.0 0.0 0.0 0.0 0.0 0.0 3.4759872244479526 0.004528309420335966 0.07925213728380902 0.0 0.0 0.0 
0.0 0.0 0.0 0.0 0.13839083274375186 0.0 0.06602561967202669 0.0 0.0 0.0 0.0 0.0 0.0 0.0 0.0 0.0 0.0 0.0 0.0 0.0 0.0 0.0 0.0 
0.15213227959439152 0.0 0.0 0.0 0.0 0.0 0.0 0.0 0.0 0.0 0.0 0.03749342216919687 0.0 0.0 0.0 0.0 0.0 0.0 0.0 0.0 0.0068344178012850355 0.0 0.0 
0.0 0.005075546910230578 0.0 0.002259462036686415 0.009934057419101876 0.0 0.0 0.3565227862045702 0.0 0.0 0.0 0.0 0.0 0.0 0.0 0.0 0.0 0.0 0.0 0.0 0.0 0.0 0.0 
0.0 0.0 0.0 0.0 0.0 0.0 0.06552696493545712 0.0 0.0 1.0682214205852973 0.0 0.0 0.0 0.0 0.0 0.0 0.0 0.0 0.0 0.0 0.0 0.0 0.0 
0.0 0.0 0.0 0.002303325134994916 0.0 0.0 0.0029907339284981553 0.0 0.0 0.0 0.0 0.0 0.0 0.0 0.0 0.0 0.0 0.0 0.0 0.0 0.0 0.0 0.0 
0.0010798932606380749 0.005229036208154026 0.0 0.005174447944588724 0.0 0.0 0.0 0.0 0.0 0.004507691868360305 0.0033574581701793665 0.0 0.0 0.004290036579359658 0.0 0.0 0.0 0.0 0.0 0.0 0.0 0.0 0.0 
0.0031290628656907914 0.0 0.0 0.0 0.0 0.0 0.0 0.0 0.0 0.00901538373672061 0.0 0.0 1.2163265044772473 0.0 0.0 0.0 0.0 0.0 0.0 0.0 0.0 0.007080832125312673 0.0 
0.0 0.0 0.0 0.0 0.0 0.0 0.0 0.0 0.006094768860158262 0.0 0.0 0.0 0.0 0.0 0.0 0.0 0.0 0.0 0.0 0.0 0.0 0.0 0.0 
0.0010798932606380749 0.0 0.0 2.1403104808532327 0.0 0.0058782112804204485 2.471569814031831 0.0 0.0 0.1613807808477745 0.0 0.0 0.0 0.0 0.0 0.0 0.0 0.0 0.0 0.0 0.0 0.0 0.13563519858341916 
0.0 0.0949639564228151 0.0 0.0 0.0 0.0033751865184500243 0.0 0.0 0.0 0.004507691868360305 0.0 0.0 0.004012777533913453 0.0 0.0 0.0 0.0 0.013300198675868955 0.0 0.6968742269663957 0.0 0.007080832125312673 0.0 
0.0 0.0 0.0 0.0 0.0 0.0 0.0 0.0 0.0 0.0 0.013069856802715779 0.0 0.0 0.0 0.0 0.0 0.0 0.0 0.0 0.0 0.0 0.0 0.0 
0.0 0.0 0.0 0.0 0.0 0.0 0.0 0.0 1.7583604592204445 0.0 0.0034210500412767066 0.0 0.0 0.0 0.004992824961876362 0.0 0.0 0.006650072049542179 0.0 0.005327532945593902 0.0 0.0 0.0 
0.7922906953637482 0.0 0.0 0.0 0.0021499373534137724 0.015656252412252287 0.0 0.003076736194749566 0.0 0.0 0.0 0.0 0.0 0.004589525465208869 0.0 0.0 0.0 0.006650072049542179 0.004930854045018798 0.007022543280744975 0.0 0.0 0.006888107114346116 
0.0 0.006958556084970735 0.0 0.014856731893089392 0.0 0.0 0.0 0.0 0.0 0.0 0.0 0.01829057959953241 0.0 0.0 0.6349624213553284 0.0 0.0 3.479133030312107 0.0 0.0 0.0 0.0 0.0 
0.0 0.5468434563421672 0.0 0.0 0.0 0.0 0.0 0.003481794059161661 0.0 0.0 0.0 1.4721799953701988 0.0 0.0 0.0 0.0 0.0 0.0 0.0 0.0 0.0 0.4401972826112891 0.0 
0.0 0.0 0.0 0.0 0.0 0.0 0.0 0.0 0.04107703520287148 0.0 0.0 0.0 0.02363882261471729 0.0 0.0 0.0 0.0 0.0 0.0 0.0 0.0 0.0 0.0 
0.011397610716695905 0.002625358864137067 0.2975076637026968 0.0 0.0028888724226703868 0.0 0.0036681163181035625 0.0029833885689666776 0.0 0.0 0.012897611000176232 0.0 0.0 0.0 0.0 0.0 0.0 0.0 0.0 0.0 0.0 0.0 0.0 
0.0 0.0 0.0 0.0 0.0 0.0 0.0 0.0 0.0 0.00901538373672061 0.0 0.0 0.3228267997047236 0.0 0.0 0.0 0.0 0.0 0.0 0.0 0.0 0.007080832125312673 0.0 
0.0 0.0 0.0 0.0 10.728235538197183 0.0 0.0 0.0 0.0 0.0 0.0 0.0 0.0 0.0 0.0 0.0 0.0 0.012435429523933792 0.07762947405244398 0.0 0.0 0.0 0.0 
0.0 0.045222494999297314 0.0 0.0 0.0 0.0 0.0 0.0 0.22590879198043826 0.0 0.0 0.0 0.0 0.0 0.0 0.0 0.0 0.013300198675868955 0.0 0.0 0.0 0.0 0.0 
0.0 0.0 0.0 0.04134359076041421 0.0 0.0 0.00677182787989648 0.0 0.0 0.0 0.0 0.0 0.0 0.0 0.0 0.0 0.0 0.0 0.0 0.0 0.0 0.0 0.0 
0.0 0.0 0.0 0.0 0.0 0.0 6.091330145697612 0.0 0.0 0.004507691868360305 0.0 0.0 0.0 0.0 0.030066904754074097 0.0 0.0 0.0 0.0 0.0 0.0 0.0 0.0 
0.002027396941263399 0.0 0.0 0.0 0.0 0.0 0.0 0.0 0.0038326667459298177 0.011397339298676585 0.0 0.0037517013504565007 0.0 0.0 0.0 0.0 0.0 3.578236284622076 0.0 0.0 0.0 0.0 0.0 
0.003184448482082689 0.0 0.0 0.0028427620436933293 0.0 0.0052739536528452185 0.018216236021450533 0.0 0.16475424158624702 0.011573557166659771 0.010135170600077938 0.0 0.0 0.0 0.0 0.0 0.0 0.0 0.0 0.0 0.0 0.0 0.007090946677946383 
0.0 0.0 0.011097455905123321 0.04134359076041421 0.0 0.0 0.00677182787989648 0.0 0.0 0.0 0.0 0.0 0.004288882081762797 0.0652633981680856 0.0 0.0 0.020894897852102495 0.0 0.0 0.0 0.0 0.0 0.0 
0.0 0.0 0.0 0.0 0.3914226085918756 0.21703748824378 0.0 0.0 0.0 0.0 0.0 0.0 0.0 0.0 0.0 0.0 0.12674953918287604 0.0 0.0 0.0 0.0 0.0 0.0 
0.001895000346861541 0.0 0.002463650548803566 0.0 0.0 0.0029391056402102243 0.0 0.0 0.0 1.0817444961903782 0.00560672730524614 0.0 0.01663975289861883 0.10515472658964078 0.0 0.0 0.26440869854967847 0.0 0.0 0.0 0.0 0.0 0.0 
0.0 0.0 0.0 0.0 0.0 0.0 0.0 0.0034957858626662275 0.002746378169380561 0.0 0.0 0.0 0.30947069363221763 0.0 0.0 0.21233704524007013 0.0 0.0 0.0 0.007022543280744975 0.0 0.0 0.0 
0.0058315316290378574 0.0 0.20319336366580962 0.0 0.3549897674890254 0.0 0.0036681163181035625 0.0 0.02226466885318361 0.0 0.0 0.6359347100481312 0.0192176807979101 0.0 0.0 0.01494517496125286 0.0 0.0 0.004971570172450578 0.0054855753713052005 0.0 0.014429968358191552 0.0 
0.002789250785383612 0.0 0.002463650548803566 0.0 0.3607472092075753 0.0 0.0 0.0029597156007277743 0.17241957507810665 0.0 0.0 0.0 0.0 0.0 0.0 0.0 0.0 0.0 0.0 0.0 0.0 0.0 0.0 
0.0 0.0 0.0 0.0 0.0 0.0 0.006466998787329743 0.0 0.0 0.0 0.0 0.0 0.2044934672199558 0.0 0.0 0.0 0.0 0.0 0.0 0.0 0.0 0.0 0.0 
0.0 0.29948476621692716 0.012345082425356953 0.0 0.0 0.0 0.0 0.0 0.0 0.004507691868360305 0.1604755313923386 0.0 0.0 0.0 0.03675765774769489 0.0 0.0 0.0 0.0 0.0 0.0 0.0 2.0817471568135955 
0.22366444453157866 0.0 0.002463650548803566 0.0 0.0 0.0029391056402102243 0.0 0.0 0.0 0.004507691868360305 0.00560672730524614 0.0 0.21602083964346147 0.008284270095826574 0.0 0.0 0.0054548100919631715 0.0 0.0 0.0 0.0 0.0 0.0 
0.0 0.0 0.10935527888820086 0.010311513254995035 0.0 0.0 0.0 0.0 0.0 0.1092949229290054 0.024164316040123743 0.006511518973913487 0.0 0.0 0.0 0.0 0.0 0.0 0.0 0.0 0.0 0.005991319371735943 0.014181893355892766 
0.0 0.0 0.0 0.002259462036686415 0.5619785555532878 0.0 0.0 0.0 0.0 0.0 0.0 0.0 0.0 0.0 0.0 0.009400473403385165 0.0 0.006650072049542179 0.0 0.0 0.0 0.0 0.0 
0.0 0.0 0.0 0.0 0.2520064559029982 0.0 0.0 0.0 0.0 0.0 0.0 0.0 0.0 0.360368993413601 0.0 0.0 0.0 0.0 0.0 0.0 0.006254051471484481 0.0 0.0 
0.0 0.0 0.0 0.0 0.005495090638914159 0.0 0.0 0.0 0.0 0.0 0.0 0.008517674915589185 0.0 0.0 0.0 0.0 0.0 0.0 0.0 0.0 0.0 0.0 0.0 
0.000947503680625324 0.0 0.0 0.0873505533226192 0.0028888724226703868 0.0 0.020879888396000086 0.0 0.0 0.0 0.0 0.0 0.0 0.0 0.014387190551902976 0.0 0.5233716751550569 0.0 0.0 0.0 0.006470565095309528 0.0 0.0 
0.0 0.005075546910230578 0.0 0.13407680780257197 0.009929914906874083 0.686245239180075 0.0 0.0 0.0 0.0 0.0 0.004196425183222801 0.004288882081762797 0.0 0.0 0.0 0.0 0.0 0.0 0.0 0.0 0.01290422249095265 0.0 
0.0 0.0 0.0 0.0 0.0 0.0 0.0 0.0 0.0 0.0 0.0 0.35953202861349576 0.0 0.0 0.0 0.0 0.0 0.0 0.0 0.0 0.0 0.0 0.0 
0.0010798932606380749 0.005229036208154026 0.0 0.646385345261984 0.0 0.0 0.00677182787989648 0.0 0.0 0.004507691868360305 0.1604755313923386 0.0 0.0 0.004290036579359658 0.0 0.0 0.0 0.0 0.0 0.0 0.0 0.0 0.03390879964585479 
0.0 0.0 0.0 0.0 0.0026062182162437716 0.0 0.0 0.0 0.0 0.0 0.0 0.0 0.0 0.008188429687166314 0.0 0.0 0.0 0.0 0.0 0.0 0.13827199545525945 0.0 0.0 
0.0058315316290378574 0.0 0.04026792268066738 0.0 0.006942585565673362 0.0 0.0036681163181035625 0.0 0.02226466885318361 0.0 0.0 0.011824380822510345 1.5240712156864573 0.0 0.0 0.4428664721046304 0.0 0.0 0.004971570172450578 0.0054855753713052005 0.0 0.014429968358191552 0.0 
0.0 0.8416237293062041 0.0 0.0 0.0 0.0 0.0 0.0 0.0 0.0 0.0 0.0 0.0 0.0 0.0 0.0 0.0 0.0 0.0 0.0 0.0 0.0 0.0 
0.0 0.0 0.0 0.0 0.0 0.0029391056402102243 0.0 0.0 0.0038326667459298177 0.00901538373672061 0.0 0.0 0.09919946983232383 0.0 0.0 0.0 0.26440869854967847 0.0 0.0 0.0 0.0 0.007080832125312673 0.0 
0.0 0.0 0.0 0.005146075531556459 0.0 0.44082534952446006 0.0 0.0 0.0 0.0 0.0 0.0 0.004288882081762797 0.016931399999335826 0.0 0.0 0.005383922540190655 0.0 0.0 0.0 0.0 0.007214984179095776 0.0 
0.0 0.9031048525121538 0.0 0.0 0.0 0.0 0.0 0.0 0.0 0.0 0.0 0.0 0.0 0.0 0.00548299594768339 0.0 0.0 0.01736322198195701 0.0 0.0 0.006732001796976942 0.0 0.0 
0.0 0.0949639564228151 0.0 0.002259462036686415 0.0 0.0 0.002906742192341876 0.0 0.0 0.0 0.012500724244885951 0.0 0.0 0.0 0.0 0.0 0.7119121015546384 2.387420782479366 0.06905564106377132 0.0 0.0 0.0 0.006799663869834548 
0.0 0.6717888787890368 0.0 0.0 0.8470442821214406 0.014160612055881514 0.0 0.0 0.0 0.0 0.0 0.0 0.0 0.0 0.0 0.0 0.0 0.01908550157347597 0.0 0.0 0.0 0.0 0.0 
0.0 0.0 0.005019328294739261 0.0 0.0 0.0 0.0 0.0 0.0 0.0 0.0 0.0 0.008162280559103022 0.0 0.0 0.0 0.0 0.0 0.0 0.0 0.0 0.007080832125312673 0.0 
0.0 0.07861851399942155 0.0 0.0028427620436933293 0.0 0.1446631472696894 0.0 0.0 0.0 0.0 0.005751046381164962 0.0 0.0 0.016700382709631482 0.0 0.0 0.0 0.006650072049542179 0.0 0.0 0.0 0.0 0.0 
0.0 0.0 0.023406927604903215 0.0 0.0 0.0 0.0 0.0 0.0 0.0 0.0 0.0 0.30075040496642513 0.0 0.0 0.0 0.0 0.0 0.0 0.0 0.0 0.0 0.0 
0.0058315316290378574 0.007474637959211761 0.04026792268066738 0.0 0.01857979353536015 0.0 0.0036681163181035625 0.003481794059161661 1.023355177301926 0.0 0.0 0.09967815675930163 0.0192176807979101 0.0 0.0 0.01494517496125286 0.0 0.0 0.004971570172450578 0.0054855753713052005 0.0 0.014429968358191552 0.0 
0.0 0.003080274173486407 0.03968174743206647 0.0 0.0 0.0 0.0 0.0 0.0038326667459298177 0.0 0.0 0.0 0.0 0.0 0.0 0.0 0.0 0.0 0.0 1.0663789702918283 0.0 0.04304431747379259 0.39248146443845083 
0.0 0.0 0.0 0.002259462036686415 0.0026062182162437716 0.0 0.0 0.0 0.0 0.0 0.0 0.004196425183222801 0.0 0.0 0.0 0.0 0.014592916601117311 0.0 0.0 0.0 0.0 0.0 0.0 
0.0 0.0 0.0 0.0 0.0 0.0 0.0 0.0 0.0 0.0 0.0 0.0 0.0 0.0 0.0 0.05555577261145563 0.0 0.0 0.0 0.0 0.0 0.0 0.0 
0.09121441451350054 0.0 0.0 0.22322762334405735 0.0 0.023683508972920268 0.0 0.0 0.0 0.0 0.0 0.0 0.004147475097238933 0.0 0.0 3.501915118568721 0.0 0.0 0.0 0.0 0.0 0.0 0.0 
0.0 0.0 0.0 0.0 0.09944895387139704 0.0 0.0 0.0 0.0 0.0 0.01578220758795639 0.0 0.0 0.0 0.0 0.0 0.0 0.0 0.0 0.0 0.0 0.0 0.0 
0.0 0.0 0.0 0.0 0.0026062182162437716 1.488528866951039 0.0 0.0 0.0 0.0 0.005751046381164962 0.0 0.0 0.0 0.0 0.0 0.0 0.012435429523933792 0.0 0.0 0.0 0.0 0.0 
0.0 0.0 0.0 0.0 0.0 0.06638318282681217 0.0 0.0 0.0 0.34705842312504515 0.005751046381164962 0.0 0.0 0.0 0.0 0.0 0.0 0.0 0.0 0.0 0.0 0.0 0.0 
0.0 0.0 0.0 0.0 0.0 0.0 0.0 0.0 0.0038326667459298177 0.0 0.0032471457407247974 0.004817637813558138 0.0 0.0 0.004524434212730908 0.10768923458253862 0.0 0.0 0.0 0.007022543280744975 0.0 0.0 0.0 
0.5934775019431612 0.0 0.0 0.0 0.0 0.0 0.0 0.0 0.04419960515678675 0.0 0.0 0.0 0.0 0.0 0.014387190551902976 0.0 0.0 0.012435429523933792 0.0 0.0 0.006732001796976942 0.0 0.0 
0.000947503680625324 0.0024718475321484565 0.0 0.0 0.0 0.0025732151030690422 0.0 0.0 0.0032196337878406607 0.0 0.0 0.0 0.0 0.0 0.0 0.0 0.0 0.0 0.0 0.0 0.0 0.0 0.0 
0.0 0.0 0.0 0.0 0.0 0.010864445090285927 0.0 0.0034957858626662275 0.0 0.0 0.0 0.0 2.074154784008459 0.0 0.0 0.0 0.0 0.0 0.0 0.017800143055492896 0.0 0.0 0.006888107114346116 
0.0 0.0 0.0 0.21717712473500442 0.0 0.12568261282685056 0.010676553200830696 0.01398314345066491 0.0 0.00762532064913008 0.0 0.0 0.0 0.016700382709631482 0.0 0.0 0.0 0.006650072049542179 0.004528309420335966 0.07925213728380902 0.0068344178012850355 0.0 0.0 
0.0 0.0 0.0 0.0 0.0 2.905869578333443 0.0 0.0 0.0 0.004507691868360305 0.0 0.0 0.4899716417144231 0.0 0.0 0.0 0.0 0.0 0.0 0.0 0.0 0.0 0.0 
0.0 0.0 0.0 0.0 0.0 0.049248521348982624 0.0 0.0 0.0 0.0 0.0 0.0 0.0 0.0 0.0 0.0 0.0 0.0 0.0 0.0 0.0 0.0 0.0 
0.0 0.008886294411991196 0.0 0.0 0.0 0.0 0.0 0.0 0.0 0.0 0.0 0.0 0.0 0.0 0.0 0.0 0.0 0.0 0.0 0.0 0.0 0.0 0.0 
0.0 0.0 0.0 0.3852515258674411 0.0 0.0033751865184500243 0.1649135589181103 0.01295834886326581 0.0 0.0 0.0 0.0 0.0 0.0 0.0 0.0 0.0 0.0 0.0 0.0 0.0 0.0 0.0 
0.0 0.0 0.0 0.0 0.0 0.0022406409179421636 0.0 0.0 0.0 0.0 0.0 0.0 0.0 0.0 0.0 0.0 0.0 0.0 0.0 0.0 0.0 0.0 0.0 
0.0 0.0743407324524721 0.0 0.002442450124186378 0.0 3.480259220682944 0.0 0.0 0.0 0.00762532064913008 0.005751046381164962 0.0 0.015589458809801851 0.016700382709631482 0.0 0.02843939709183282 0.0 0.01908550157347597 0.0 0.0 0.0068344178012850355 0.0 0.0 
0.22176945119910624 0.0024718475321484565 0.0 0.0 0.0 0.13791279585976243 0.0 0.0 0.16475424158624702 0.0 0.005751046381164962 0.0 0.0 0.0 0.0 0.0 0.0 0.0 0.0 0.0 0.0 0.0 0.0 
0.0 0.0 0.0 0.0 0.0 0.018622743207112373 0.0 0.0 0.0 0.7031322299868109 0.0 0.0 0.004360131388675272 0.0 0.0 0.0 0.0 0.0 0.0 0.0 0.0 0.0 0.0 
0.002027396941263399 0.0 0.0 0.0 0.0 0.0 0.0 0.0 0.0 0.011397339298676585 0.0 0.0037517013504565007 0.0 0.0 0.0 0.0 0.0 0.02212160810059198 0.0 0.0 0.0 0.0 0.0 
0.0 0.0 0.0 0.0 0.0 0.018622743207112373 0.0 0.0 0.0 0.004507691868360305 0.0 0.0 0.004360131388675272 0.0 0.0 0.043387046146722355 0.0 0.0 0.0 0.0 0.0068344178012850355 0.0 0.0 
0.0 0.0 0.0 4.136303261867775 0.0 0.0 0.0 0.0 0.0 0.0 0.0 0.01829057959953241 0.0 0.0 0.00548299594768339 0.0 0.0 0.017493660497143192 0.0 0.0 0.0 0.0 0.0 
0.1841953608373609 0.0 0.0 0.0 0.0 0.0 0.0036681163181035625 0.0 0.0 0.0 0.0 0.0 0.0 0.0 0.0 0.0 0.005277928772302228 0.0 0.0 0.0 0.0 0.0 0.006799663869834548 
0.0 0.029141593562247256 0.0 0.0 0.0 0.035143831238716804 0.0 0.0 0.0 0.7093674875483504 0.08197554065724397 0.0 0.0 2.4998565210055115 0.0 0.0 0.0 0.006650072049542179 0.0 0.0 0.0068344178012850355 0.0 0.0 
