0.0 0.9292458282020789 0.0 0.0 0.0 
0.0 0.29627080319230437 0.006523579014577152 0.0 0.0 
0.0 0.0 0.015865424454456996 0.0 0.0 
0.04620454499795633 1.2350693138440054 0.0 0.0 0.021121642106830953 
0.13146361005313878 0.0 0.0 0.0 0.0 
0.0 0.0 0.0 0.0 0.0 
0.00522677869181071 0.07797377563936574 0.005261837147487376 0.0 0.0 
0.05544362371857077 0.6482291714767356 0.0 0.0029621711706981782 0.0 
0.0 0.48468665054129684 0.02539789586080642 0.0 0.0 
0.032015424555723856 0.0 0.0 0.0 0.0 
0.0 0.0022674638477342465 0.0 0.0 0.0 
0.0 0.0 0.0 0.0 0.0 
0.0334692398232309 0.9446253292204647 0.0 0.0 0.0 
0.13152946376322294 0.0 0.09932290634279066 0.0 0.0 
0.0 0.0 0.0 0.0 0.0 
0.1372273992578138 0.0 0.09749817593760034 0.0 0.0 
0.03229549205838056 0.0 0.06699215588811513 0.0 0.0 
0.021214432080968848 0.0 0.0 0.0 0.0 
0.01010059663635433 0.0008607158303754001 0.033961205302243336 0.0 0.0 
0.008686180054018323 2.9637072538862257 0.0029535554659160935 0.0 0.0036175209347098576 
0.0 0.0 0.015865424454456996 0.0 0.0 
0.35885317071879425 0.0 0.0 0.0 0.0 
0.008686180054018323 0.009464188112681026 0.04478307726292004 0.0 0.0036175209347098576 
0.09016621860193418 0.0 0.0 0.0 0.0 
0.0 0.14935311576112584 0.0 0.0 0.0 
0.0 0.0 0.18496896984000682 0.0 0.0 
0.05115046897034611 0.21335324373406467 0.0777519326621757 0.0 0.0 
0.0 0.0031318716639940213 0.0 0.0 0.0037248000065513917 
0.0 1.0192908588588625 0.0 0.0 0.0 
0.0 0.1553668776474565 0.0 0.0 0.0 
0.0 0.0 0.0 0.0 0.0 
0.0 0.0 0.04862187364861261 0.0 0.0 
0.0 0.003861012036196061 0.1855098131803616 0.0 0.0 
0.0 0.0 0.0 0.0 0.0 
0.0 0.7532641956588851 0.012693212858591476 0.0 0.0 
0.29663455515372644 0.0009058904686439873 0.0033331194629470213 0.10824490610196061 0.0 
0.0 0.700181335554839 0.0 0.0 0.0 
0.0 0.0008607158303754001 0.06994532684353477 0.0 0.0 
0.43590523607822007 0.0 0.0 0.0 0.0 
0.0 0.0 0.0 0.0 0.0 
0.0008369665929056424 0.0 0.0010395795227827194 0.0012210110633520427 0.0 
0.0 0.0 0.06699215588811513 0.0 0.0 
0.0 2.037529591207218 0.0 0.0 0.006314468689008536 
0.0 1.9704975018377315 0.0 0.0 0.0 
0.0 0.5899411719327048 0.0 0.0 0.0 
0.004643897663646392 0.003381018084611321 0.0 0.005448430512780437 0.0 
0.0 0.0 0.0 0.0 0.0 
0.05040571649503817 0.0 0.0 0.0 0.0 
0.008686180054018323 0.009464188112681026 0.0029535554659160935 0.0 0.0036175209347098576 
0.0008369665929056424 0.0 0.0 0.0 0.0 
0.001149518141174546 0.003085665178297329 0.0 0.0 0.0 
0.0 0.0008529918857546158 0.03392016043602708 0.0 0.027210804271866958 
0.0017530181930479679 0.004030163441173237 0.003113192493221129 0.0 0.0 
0.0008369665929056424 0.0 0.018173360728294164 0.0029621711706981782 0.0 
0.0 0.0 0.0 0.0 0.0 
0.27612873170143887 0.0 0.0 0.0 0.0 
0.0017530181930479679 0.1043847097961316 0.003113192493221129 0.0 0.0 
0.0 0.0 0.0 0.0 0.08380409746170597 
0.0 0.0 0.0027006974531621412 0.0 0.0 
0.0021399352326641912 0.0 0.0 0.0 0.0 
0.0 0.0 0.0 0.0 0.0 
0.0 0.03625041054704099 0.0 0.0 0.0 
0.0 2.9983535890152644 0.0 0.0 0.0 
0.0025085525102689853 0.0 0.0 0.0 0.0 
0.1372273992578138 0.0008607158303754001 0.033961205302243336 0.0 0.0 
0.0 0.002146165112789929 0.15449585476504146 0.0 0.0 
0.37526623150570393 0.0 0.0 0.0 0.0 
0.0 0.07519498069329957 0.05586060308385891 0.0 0.0 
0.0 0.0008809591261614557 0.0 0.0 0.0 
0.002629780864202736 0.007709928196182893 0.010057230477123109 0.0 0.0 
0.1372273992578138 0.0 0.0 0.0 0.0 
0.0 0.07282134988475454 0.0018021746284398498 0.0 0.0 
0.0 0.016025723801307307 0.0 0.0 0.0 
0.0 0.005716237925312447 0.0 0.0 0.0 
0.002629780864202736 0.007709928196182893 0.024252875739339555 0.0 0.0 
0.0 0.0 0.199134766660294 0.0 0.0 
0.0 0.03381336585493753 0.0 0.0 0.0 
1.4251985226511912 0.003582174653167747 0.012095123074152295 0.0 0.0 
0.0 0.0 0.02699556955926853 0.0 0.0 
0.0 0.0 0.0 0.0 0.0 
0.0 0.0 0.17539399373098 0.0 0.0 
0.0 0.0 0.0 0.0 0.0 
0.012787617242586527 0.005716237925312447 0.0 0.0 0.0 
0.0 0.004955044674043153 0.0 0.0 0.0 
0.0 0.0 0.09749817593760034 0.0 0.0 
0.02166822091388833 0.001361573379090259 0.0009028567142163861 0.0 0.0 
0.0 0.0 0.0 0.0 0.0 
0.0019953182145018202 0.0017111728308297587 0.0011527689855397659 0.0 0.0 
0.0 0.0 0.0 0.0 0.0 
0.0017530181930479679 0.004030163441173237 0.19924136079046756 0.0 0.0 
0.0034525094308246683 0.008681833042481584 0.0 0.0 0.021121642106830953 
0.0 0.0 0.0 0.0 0.0 
0.003202401581560265 0.0 0.0039968367168682056 0.0 0.0 
0.016810862612169766 0.03625041054704099 0.0 0.0 0.0 
0.1372273992578138 0.0 0.0 0.0 0.0 
0.02260939532595816 0.001787648829229524 0.0 0.0 0.0 
0.0 0.0 0.0 0.009429637854783934 0.0 
0.0 0.03555507659809039 0.0 0.0 0.0 
0.0 0.0 0.0 0.0 0.0 
0.0 0.0 0.0009649519008325272 0.0 0.0 
0.0 0.014739016022896652 1.1283373189366954 0.0 0.0 
0.0013866369138292492 0.017625373607797742 0.0009051898457034326 0.0 0.0 
0.0 0.01584817447044128 0.002125782572544015 0.0 0.0 
0.002123116043720861 0.016025723801307307 0.0028633649445495134 0.0 0.0 
0.10713865745496098 0.0 0.0 0.0 0.0 
0.004643897663646392 1.3093667423501898 0.0 0.005448430512780437 0.0 
0.012787617242586527 0.0 0.0 0.0 0.0 
0.02568579302419478 0.004030163441173237 0.0128926239123363 0.0 0.0 
0.04000347958893061 0.16364079098298467 0.11685489052872117 0.0 0.0033350688555316586 
0.0 0.45875793507074397 0.0 0.0 0.0 
0.019975171228672737 0.019039469810309337 0.13342305679392735 0.0 0.013340275422126634 
0.4255141678099549 0.003096448878586425 0.0353922230275581 0.0 0.0 
0.002068900273780897 0.0 0.0 0.0 0.0 
0.0 0.0 0.0020818571361677775 0.0 0.0 
0.0 0.0008607158303754001 0.8155710718937197 0.0 0.0 
0.01065543306729316 1.801705305018692 0.0 0.0 0.0 
0.05230502454187249 0.001361573379090259 0.0 0.0 0.0 
0.0 0.0 0.036881269252204314 0.0 0.0 
0.05040571649503817 0.0 0.0 0.0 0.0 
0.27612873170143887 0.0 0.0 0.0 0.0 
0.0 0.0 0.0 0.0 0.0 
0.0 1.0981416570966291 0.0 0.0 0.0 
0.0 0.3211340616378891 0.1569449324595908 0.0 0.0 
0.000377835283138182 0.0 0.0 0.0 0.0 
0.0 0.0 0.001014306104048736 0.0 0.0 
0.0 0.0 0.0 0.0 0.0 
0.0 0.13424948183664018 0.07362033479198585 0.0 0.0 
0.0 0.0 0.0 0.0 0.0 
0.018876019821624613 0.0824011526248713 0.1429824569692837 0.0 0.0 
0.0 0.0 0.7075260467573236 0.0 0.0 
0.010854432382018695 0.0 0.0 0.0 0.0 
0.31220683815887684 0.10834312107221755 0.0009649519008325272 0.0 0.0 
0.0 0.0 0.003083676424771874 0.0 0.013900266035207848 
0.0015616753182937093 0.0 0.1973018898462802 0.0 0.0 
0.006119512780008873 0.001787648829229524 0.0 0.0 0.0 
0.28090283804564475 0.0 0.0 0.0 0.0 
0.0334692398232309 0.0 0.0 0.0 0.0 
0.0 0.0 0.0 0.0 0.0 
0.08825487143718161 0.0 0.0 0.00805812438077442 0.0 
0.0 0.0 0.0019194959497521684 0.0 0.0 
0.0 0.0023301083190486074 0.012693212858591476 0.0 0.0 
0.0 0.0 0.0 0.0 0.0 
0.0 0.0008801419984293728 0.0 0.0 0.0 
0.0025326807040924586 0.0 0.0 0.0 0.0 
0.0 0.0 0.09749817593760034 0.0 0.0 
0.0 0.0 0.0 0.0 0.0 
0.0 0.0 0.0 0.0 0.0 
0.0 0.0 0.012502586892121898 0.0 0.0 
0.0 0.0 0.8257408010181319 0.0 0.0 
0.0 0.0 0.09749817593760034 0.0 0.0 
0.0 0.0022674638477342465 0.0 0.0 0.0 
0.0 0.00396745932549887 0.20088744370872236 0.0 0.0 
0.0 0.0 0.03381000795447943 0.0 0.0 
0.0 0.0009058904686439873 0.0 0.0 0.0 
0.5084333332202723 0.44563486369349137 0.007837014733497242 0.0 0.0036175209347098576 
0.0 0.01818866687256694 0.05832763546345523 0.0 0.0 
0.0 0.0 0.02539789586080642 0.0 0.0 
0.0 0.0031310366429539364 0.31095220472616186 0.0 0.0 
0.0 0.0 0.0 0.0 0.0 
0.07487528989607434 0.0 0.0 0.0 0.0 
0.03888631302900889 0.0 0.0 0.0 0.003884771733192954 
0.03160247637714449 0.0 0.0 0.0 0.0 
0.0037959365289134826 0.0160847240022253 0.007748668559088298 0.0 0.0033350688555316586 
1.1626143246805323 0.003381018084611321 0.0 3.4076537964097713 0.014125393419508891 
0.0 0.0 0.3268110729507978 0.0 0.0 
0.1372273992578138 0.0 0.0 5.625924726920199 0.14645231154794452 
0.0 0.0 0.0 0.0 0.0 
1.4307747196148302 0.0 0.0 0.013960778679391554 0.4852195055975386 
0.008686180054018323 0.44563486369349137 0.0029535554659160935 0.0 0.0036175209347098576 
0.0 0.0 0.0 0.0 0.0 
0.0 0.0 0.00653224679356534 0.03550527022990587 0.0 
0.0 0.0 0.0 0.0 0.0 
0.006341424644208513 0.6482291714767356 0.0 0.011848684682792713 0.0 
0.003163612232442311 0.0 0.0 0.0 0.0 
0.0038336321008926827 0.006284905146918191 0.0 0.0 0.0 
0.060610392270893314 0.0 0.003083676424771874 0.0 0.013900266035207848 
0.02994968828778378 0.005446293516361036 0.0 1.3741375673885134 0.0038060270518817897 
0.27612873170143887 0.0 0.000821985684543874 0.7934752087028017 0.0 
0.0013866369138292492 0.6685557546471036 0.0009051898457034326 0.0 0.0 
0.019649763068153497 0.09296002946335949 0.07762235914199285 0.0 0.0 
0.2723904739392888 0.009464188112681026 1.7343305602197365 0.0 0.0036175209347098576 
0.0 0.43927629776196575 0.0 0.0 0.0 
0.0 0.21335324373406467 0.0 0.0 0.0 
0.0 0.0 0.0 0.0 0.0 
0.0025379414315072272 0.0 0.0 0.0 0.0 
0.0 0.00396745932549887 0.009814597836724396 0.0 0.0 
0.27612873170143887 0.0 0.0010395795227827194 0.02700659360888624 0.0 
0.015065625754060476 0.0 0.0 0.0 0.0 
0.0 0.0 0.0031231506633669585 0.0 0.0 
0.0037959365289134826 0.0049308648504966975 0.6004912675548186 0.0 0.0033350688555316586 
0.032015424555723856 0.6976478757547857 0.6301230801806378 0.0 0.0 
0.0 0.48468665054129684 0.0 0.0 0.0 
0.0 0.0 0.09749817593760034 0.0 0.0 
0.0 0.0 0.09749817593760034 0.0 0.0 
0.0 0.08161734223228771 0.0037778351791846617 0.0 0.0 
0.1972504067123244 0.030250891733879785 1.3178115005069182 0.005358899644410203 0.030015619699784928 
0.2751969963211478 0.0 0.0 0.0 0.0036130936256858633 
0.0 0.009236287013097885 0.0020875009682006884 0.0 0.0 
0.07320563341672252 0.0 0.06699215588811513 0.0 0.0 
0.0 0.0 0.0 0.0 0.0 
0.05040571649503817 0.0 0.0 0.0 0.0 
0.027328116429165675 0.0 0.0 0.0 0.0 
0.0 0.020386120170526077 0.0 0.0 0.0 
0.1372273992578138 0.0 0.0 0.0 0.0 
0.0 0.0 0.0 0.0 0.0 
0.013810090709042419 0.0 0.0 0.0 0.0 
0.0 0.6975498920001677 0.0020818571361677775 0.0 0.0 
0.0 0.0 0.0 0.0 0.050762040968986934 
0.0 0.0 0.0 0.0 0.0 
0.03160247637714449 0.0 0.0 0.0 0.0 
0.0 0.21335324373406467 0.0 0.0 0.0 
0.10847869719186172 0.0 0.0 0.0 0.0 
0.001149518141174546 0.003085665178297329 0.0 0.0 0.0 
0.056534774278313264 0.9959282584754662 0.010057230477123109 0.0 0.0 
0.0017080673588715665 0.0 0.24097405763075908 0.0 0.0 
0.0 0.00318375629276329 0.0 0.0 0.0 
0.0 0.0 0.013599158691033727 0.0 0.0 
0.09016621860193418 0.0 0.0 0.0 0.0 
0.01354417796935782 0.0 0.0 0.0 0.0 
0.0 0.0 0.0 0.0 0.0 
0.0 0.0 0.04526301153378337 0.0 0.0 
0.0 0.0 0.19960741478310562 0.0 0.0 
0.06800711883450426 0.0 0.003410373487101905 0.0 0.0 
0.37990575027609935 0.0 0.0009028567142163861 0.0 0.45296223441424055 
0.0 0.0798148538862887 0.033961205302243336 0.0 0.0 
0.0 0.0008607158303754001 0.29755814002366826 0.0 0.0 
0.0 0.0031404365940908914 0.0 0.0 0.0037248000065513917 
0.00522677869181071 0.04642381781568204 0.12717894522188522 0.0 0.0 
0.0 0.0008607158303754001 0.2629187624796874 0.0 0.0 
0.05040571649503817 0.0 0.0 0.0 0.0 
0.0 1.7966327609554367 0.0 0.0 0.0 
0.0 0.0 0.2717842711028403 0.0 0.0 
0.0 0.009236287013097885 0.0020875009682006884 0.0 0.0 
0.0 0.0 0.19960741478310562 0.0 0.0 
0.0017080673588715665 0.0 0.003410373487101905 0.0 0.0 
0.0 0.0 0.0 0.0 0.0 
0.2780330469010572 0.0 0.04209537496111312 0.0 0.0 
0.05040571649503817 0.0 0.0 0.0 0.0 
0.1041576340954669 0.0 0.0 0.0 0.0 
0.0 0.0 0.0 0.0 0.0 
0.0 0.022593701080814245 0.0 0.0 0.0 
0.012524959341446316 0.0 0.0 0.00805812438077442 0.0 
0.0 0.022593701080814245 0.02539789586080642 0.0 0.0 
0.0 0.0 0.0 0.0 0.0 
0.001354243700920617 0.0 0.04209537496111312 0.0 0.007139790746949727 
0.0 1.0026958177124254 0.02699556955926853 0.0 0.0 
0.10307901087942432 0.0 0.0 0.0 0.0 
0.0016680669070394214 0.0 0.0 0.0 0.0 
0.0 0.0 0.0 0.0 0.0 
0.0 0.21335324373406467 0.0 0.0 0.0 
0.00522677869181071 0.003582174653167747 0.005261837147487376 0.0 0.0 
0.05040571649503817 0.0 0.0 0.0 0.0 
0.0 0.0 0.021385509278775944 0.0 0.0 
0.1372273992578138 0.0 0.09749817593760034 0.0 0.0 
0.0 0.005716237925312447 0.0 0.0 0.0 
0.012787617242586527 0.04694768615848723 0.0 0.0 0.0 
0.0 0.0 0.0 0.0 0.0 
0.0 0.0 0.0 0.0 0.0 
0.0 0.0 0.061851537303921234 0.0 0.0 
0.0011986170021470522 0.0 0.0 0.0 0.0038060270518817897 
0.006119512780008873 0.23696816361803055 0.002125782572544015 0.0 0.0 
0.0 0.0 0.02699556955926853 0.0 0.0 
0.0 0.0 0.0020818571361677775 0.0 0.0 
0.0 0.9663452046405742 0.02539789586080642 0.0 0.0 
0.05040571649503817 0.004236920615134232 0.0 0.0 0.0 
0.008686180054018323 0.009464188112681026 0.0029535554659160935 0.0 0.0036175209347098576 
0.0 0.004236920615134232 0.0 0.0 0.0 
0.0 0.002210795741292492 0.0 0.0 0.0 
0.0334692398232309 0.0 0.006897205908857522 0.0 0.0 
0.0 0.0 0.0438626112713908 0.0 0.0 
0.4145849838975988 0.019039469810309337 0.06421668743620751 0.0 0.24306899014232763 
0.012524959341446316 0.0 0.00702728776495095 0.00805812438077442 0.0 
0.0 0.0 0.0 0.0 0.0 
0.0 0.06994112970449808 0.0 0.0 0.0 
0.0008369665929056424 0.0 0.0010395795227827194 0.0012210110633520427 0.0 
0.0008369665929056424 0.0 0.0 0.0 0.0 
0.0 0.00396745932549887 0.20947553126723684 0.0 0.0 
0.0 0.0023301083190486074 0.029330812595482023 0.0 0.0 
0.3623098925162466 0.0 0.0037883342708763704 2.4460420582550957 0.0 
0.1372273992578138 0.0 0.0 0.1532846589616085 0.0 
0.0 0.0 0.09749817593760034 0.0 0.0 
0.0 0.0 0.1973018898462802 0.0 0.0 
0.0 0.0 0.0 0.0 0.0 
0.0 0.0 0.019437983165543925 0.0 0.0 
0.0019953182145018202 0.0017111728308297587 0.0011527689855397659 0.0 0.0 
0.03160247637714449 0.0 0.0 0.0 0.0 
0.0 0.45875793507074397 0.013599158691033727 0.0 0.0 
0.03252354269946276 0.003085665178297329 0.0 0.0 0.0 
0.009190793569278035 0.0 0.09749817593760034 0.0 0.0 
0.0 0.9944625341149332 0.004753018969499487 0.0 0.26172290650022356 
0.0 0.0031404365940908914 0.0 0.0 0.0037248000065513917 
0.0 0.7791290260554357 0.0 0.0 0.0 
0.0 0.010106021070706203 0.0 0.0 0.0 
0.0 0.21335324373406467 0.0 0.0 0.0 
0.0 0.0 0.0 0.0 0.0 
0.29663455515372644 0.0008607158303754001 0.6927458412664421 0.5230591301271382 0.0 
0.1372273992578138 0.0 0.0 0.0 0.0 
0.02351845659262201 0.0185476782043154 0.0011527689855397659 0.0 0.0 
0.28683809668647336 0.00458887005465797 0.009868559648771168 0.0 0.0033350688555316586 
0.0 0.21335324373406467 0.0 0.0 0.0 
0.0 0.0 0.0 0.0 0.0 
0.0 0.0 0.0 0.0 0.0 
0.1338769592929236 0.0 0.0 0.0 0.0 
0.0 0.005132534360549176 0.0 0.0 0.0 
0.0 0.0 0.0011527689855397659 0.0 0.0 
0.0 0.0 0.0 0.0 0.0 
0.0 0.0 0.0010395795227827194 0.0 0.0 
0.0 0.0 0.0 0.0 0.0 
0.0017530181930479679 0.004030163441173237 0.003113192493221129 0.0 0.0 
0.0008764409719963107 0.0 0.0 0.0 0.0 
0.0 0.0 0.06699215588811513 0.0 0.0 
0.0 0.0 0.09749817593760034 0.0 0.0 
0.0 0.0 0.003083676424771874 0.0 0.013900266035207848 
0.0 0.002181110743317478 0.0 0.0 0.0 
0.0017080673588715665 0.0 0.012269534428499606 0.0 0.0 
0.08960608359662077 0.0 0.18771908666765574 0.0 0.0 
0.1372273992578138 0.0 0.09749817593760034 0.0 0.0 
0.7272439796854269 0.0 0.0 0.0 0.0 
0.2083103518708534 0.0 0.0 0.0 0.0 
3.283434647512725 0.0 0.0 0.0 0.0 
0.03229549205838056 0.0 0.0 0.0 0.0 
0.05040571649503817 0.0 0.0 0.0 0.0 
0.01643651833260524 0.0 0.0 0.0 0.0 
0.8561780881790979 0.0 0.0007857243895887723 0.2312370243493956 0.0038060270518817897 
0.0 0.0032034270026932874 1.8210792499269026 0.0 0.0 
0.0021241341269399782 0.0 0.0 0.0 0.2290901585654801 
0.0 0.0 0.0028365078639402443 0.03550527022990587 0.0 
0.0 0.21335324373406467 0.0 0.0 0.0 
0.2089263452041629 0.0 0.005717970870332014 0.0 0.0 
0.0 0.0 0.0 0.0 0.0 
0.0 0.0 0.0 0.0 0.0 
0.004330903305947612 0.0 0.08975383475087909 0.0 0.003884771733192954 
0.015065625754060476 0.0 0.3152425598115038 0.5230591301271382 0.0 
0.0 0.0 0.006897205908857522 0.0 0.0 
0.16540241710683748 0.0 0.0 0.0 0.0 
0.0011262838925419848 0.001361573379090259 0.0 0.0 0.0 
0.03229549205838056 0.0 0.0 0.0 0.0 
0.016810862612169766 0.0 0.0 0.0 0.0 
0.0 0.0 0.0438626112713908 0.0 0.0 
0.0 0.0 0.0438626112713908 0.0 0.0 
0.0 0.005136464923873575 0.0 0.0 0.0 
0.0 0.0 0.0 0.0 0.0 
0.0006469862087048487 0.0 0.0010713374829401981 0.0 0.0 
0.07810734457065237 0.020080073030463 0.07684142484079229 0.0 0.0 
0.0044480017996259705 0.0 0.09749817593760034 0.0 0.0 
0.057219607446836594 0.0 0.06699215588811513 0.0 0.0 
0.07683000967677887 0.001787648829229524 0.05832763546345523 0.0 0.0 
0.0 0.0 0.0 0.0 0.0 
0.0 0.0 0.0 0.0 0.0 
0.0 0.01818866687256694 0.0 0.0 0.0 
0.1372273992578138 0.0 0.0 0.0 0.0 
0.002629780864202736 0.007709928196182893 0.010057230477123109 0.0 0.0 
0.0019953182145018202 0.025804011042652234 0.0011527689855397659 0.0 0.0 
0.0 0.0 0.0 0.0 0.0 
0.29950471719852023 0.21335324373406467 0.0 0.00805812438077442 0.0 
0.007416944409545979 0.001361573379090259 0.0028633649445495134 0.0029621711706981782 0.0 
0.0 0.0022670105505982 0.004235298395949293 0.0 0.0 
0.1372273992578138 0.0 0.09749817593760034 0.0 0.0 
0.0 0.0 0.0333656702316112 0.0 0.5852878473822124 
0.07487528989607434 0.0 0.0 0.0 0.0 
0.037814260045190805 0.001787648829229524 0.0 0.0 0.0 
0.0034525094308246683 0.008681833042481584 0.0 0.0 0.33514790730955096 
0.07415483516896987 0.0 0.0 0.0 0.0 
0.0 0.0 0.09749817593760034 0.0 0.0 
0.0 0.0 0.0 0.0 0.0 
0.0334692398232309 0.0008607158303754001 0.033961205302243336 0.0 0.0 
0.0 0.0 0.0 0.0 0.0 
0.37526623150570393 0.0 0.0 0.0 0.0 
0.0 0.0034428633215016005 0.13584482120897334 0.0 0.0 
0.0 0.0 0.09749817593760034 0.0 0.0 
0.0 0.0008607158303754001 0.033961205302243336 0.0 0.0 
0.005185184882970207 0.0 0.0 0.0 0.0 
0.0 0.0 0.0 0.0 0.0 
0.0 0.48468665054129684 0.0 0.0 0.0 
0.0 0.0 0.0438626112713908 0.0 0.0 
0.0 0.0 0.09438103406538158 0.0 0.0 
0.0 0.0 0.0 0.0 0.0 
0.0 0.0 0.0 0.0 0.0 
0.006119512780008873 0.001787648829229524 0.0 0.0 0.0 
0.0 0.0008607158303754001 0.5053588217738129 0.0 0.11093198565705419 
0.0 0.0 0.0 0.0 0.0 
2.4192567338959163 0.0 0.09062912401763679 0.0 0.0 
0.05040571649503817 0.0 0.0 0.0 0.0 
0.0 0.0 0.0 0.0 0.0 
3.2528599053294505 0.0 0.0 0.0 0.010558824925647433 
0.0 0.0 0.0 0.0 0.0 
0.033958865942402494 0.0 0.015865424454456996 0.00805812438077442 0.24298162116540326 
0.0334692398232309 0.0 0.0 0.0 0.0 
0.0 0.0 0.0 0.0 0.0 
0.005335172384730819 0.0 0.6533211849740206 0.0 0.0 
0.0 0.0 0.08384539432512689 0.0 0.0 
0.0 0.0 0.0010395795227827194 0.0 0.0 
0.47912616141523884 0.03540471316651512 0.004232528616949308 0.20078315939724253 0.7226151423437427 
1.0889998684038507 0.0 0.0 2.5434238028036154 0.0 
0.0 0.0 0.0 0.0 0.0 
0.05040571649503817 0.0 0.0 0.0 0.0 
0.0017530181930479679 0.004030163441173237 0.003113192493221129 0.0 0.0 
0.0 0.0 0.001014306104048736 0.0 0.0 
0.0 0.0 0.0 0.0 0.0 
0.0034525094308246683 0.008681833042481584 0.0 0.0 0.26410725552777026 
0.0 0.0 0.0 0.0 0.0 
0.0 0.0 0.0 0.0 0.0 
0.0 0.0 0.0 4.6797082676825426 0.0 
0.002629780864202736 0.007709928196182893 0.5268023204491579 0.0 0.0 
0.0 0.0 0.06699215588811513 0.0 0.26771628012377513 
0.0 0.0 0.0 0.0 0.0 
0.39152449065756423 0.0 0.0 0.6184908151271996 0.0 
0.005134886273371455 0.0 0.0 0.38067449262630526 0.0 
0.0 0.024833227510321656 0.0 0.0 0.0 
0.010854432382018695 0.0 0.09749817593760034 0.0 0.0 
0.00522677869181071 0.003582174653167747 0.036599351369895214 0.0 0.0 
0.0334692398232309 0.0 0.0 0.0 0.0 
0.030311970741254163 0.0 0.0 0.0 0.0 
0.0 0.0 0.0 0.0 0.0032619542781816436 
0.0 0.0 0.0010114581195240452 0.0 0.0 
0.0 0.0 0.625058829291319 0.0 0.0 
0.0 0.0 0.625058829291319 0.0 0.0 
0.0 0.0 0.0 0.0 0.4643803155698859 
0.008686180054018323 0.009464188112681026 0.0029535554659160935 0.0 0.0036175209347098576 
0.0 0.0 0.20642700170869296 0.0 0.0 
0.0 0.0 0.0 0.0 0.0 
0.1372273992578138 0.04994692665913579 0.4701092586575715 0.0 0.0 
0.0 0.0 0.0 0.03233471452046158 0.0 
0.0017080673588715665 0.0 0.003410373487101905 0.0 0.0 
1.8102837467040245 0.21335324373406467 0.29791351896218404 0.0 0.0 
0.0 0.0 0.06699215588811513 0.0 0.0 
0.0 0.0 0.625058829291319 0.0 0.0 
0.00466974713720241 0.0 0.2011637047247444 0.003939455862187412 0.013900266035207848 
0.006343150465576236 0.0 0.00702023623347334 0.0 0.0 
0.0 0.0 0.014632410083442363 0.0 0.19383383336760435 
0.0 0.0 0.003083676424771874 0.0 0.06231419537305257 
0.0 0.0 0.00204040820807388 0.0 0.0 
0.05040571649503817 0.0 0.0 0.0 0.0 
0.0 0.0 0.0 0.0 0.0 
0.1372273992578138 0.0 0.0 0.0 0.0 
0.0 0.0022674638477342465 0.0 0.0 0.0 
0.0 0.0 0.0 0.0 0.0 
1.5803896748264692 0.008681833042481584 0.0 0.8067095134089189 0.5696580134101396 
0.1372273992578138 11.576663705165135 0.0 0.0 0.0 
0.012787617242586527 0.0 0.0 0.0 0.0 
0.0 0.0 0.003083676424771874 0.10824490610196061 0.013900266035207848 
0.44695988266237446 0.0017111728308297587 0.1973018898462802 0.0 0.0 
0.019935696849582067 0.0 0.0 0.0 0.0 
0.0 0.0 0.10341110014676896 0.0 0.013900266035207848 
0.0 0.0015843808503288837 0.0009347319826609229 0.0 0.0 
0.0 0.0 0.0 0.0 0.0 
0.0008369665929056424 0.0 0.000821985684543874 0.0029621711706981782 0.0 
0.0038336321008926827 0.09097339512027776 0.0020875009682006884 0.0 0.0 
0.28669382407564536 0.001787648829229524 0.0 0.03550527022990587 0.0 
0.002629780864202736 0.046577354327209636 0.010057230477123109 0.03550527022990587 0.0 
0.03229549205838056 0.0 0.0 0.0 0.0 
0.0 0.0 0.0 0.0 0.0 
0.0019518169188864661 0.42942963422630986 0.0 0.0 0.0 
0.0 0.0 0.0 0.0 0.0 
0.32446275860175755 0.0 0.0 0.0 0.22069408689374484 
0.0 0.0 0.0438626112713908 0.0 0.0 
0.0 0.0 0.0 0.0 0.0 
0.0 0.014778023434340612 0.0 0.0 0.0 
0.0 0.0 0.0438626112713908 0.0 0.0 
0.0017530181930479679 0.6587826087495912 0.003113192493221129 0.0 0.0 
0.05040571649503817 0.0 0.0 0.0 0.0 
0.0 0.45875793507074397 0.0 0.0 0.0 
0.0008369665929056424 0.0 0.0010395795227827194 0.0012210110633520427 0.0 
0.0 0.5899411719327048 0.0 0.0 0.0 
0.0334692398232309 0.21335324373406467 0.0 0.0 0.0 
0.0 0.4561845195139226 0.0 0.0 0.0 
0.006748574668543693 0.0 0.0 0.0 0.0 
0.06907198089595684 0.0 0.0 0.0 0.0 
0.0 0.0 0.16428856157197538 0.0 0.0 
0.0 0.009236287013097885 0.0020875009682006884 0.0 0.0 
0.09455866106454663 0.21335324373406467 0.0 0.0 0.0 
0.0 0.0 0.0 0.0 0.0 
0.0 0.0 0.0 0.0 0.0 
0.012039481249070824 0.0 0.0 0.0 0.0 
0.0 0.0 0.09749817593760034 0.0 0.0 
0.0 0.0 0.16428856157197538 0.0 0.0 
0.0 0.0031404365940908914 0.0 0.0 0.0037248000065513917 
0.0015813065363515517 0.0 0.0010254699427004414 0.0 0.0 
0.833721923839357 0.008681833042481584 0.0 0.0 0.021121642106830953 
0.0034525094308246683 0.03065612744463293 0.0 0.0 0.32799818710652434 
0.0 0.0 0.0 0.0 0.0 
0.0017530181930479679 0.004030163441173237 0.20122273686164294 0.0 0.0 
0.0008369665929056424 0.0 0.0 0.0 0.0 
0.08776504094442698 0.003582174653167747 0.21404210826583847 0.0 0.0 
0.1372273992578138 0.0 0.0 0.0 0.0 
0.0 0.0 0.0 0.0 0.0 
0.0 0.0 2.4984499632417743 0.0 0.07979136882030508 
0.09221116553484596 0.0008607158303754001 0.07638746783838529 0.0 0.08301665064859433 
0.0 0.0 0.0 0.10824490610196061 0.0 
0.08824412290059316 0.0 0.0 0.3466642325397097 0.0 
0.16484228210152407 0.0 0.0 0.0 0.0 
0.0 0.0 0.24898749099373774 0.0 0.0 
0.0 0.0022670105505982 0.004235298395949293 0.0026325004917761487 0.0 
0.0 0.0 0.0 0.0 0.0 
0.3350787399981359 0.006284905146918191 0.0 0.0 0.0 
0.025214901150133327 0.004030163441173237 0.003113192493221129 0.0 0.0 
0.0 0.0 0.0 0.0 0.0 
0.0019518169188864661 0.001361573379090259 0.0 0.0 0.0 
0.0 0.0 0.22219466925726813 0.0 0.0 
0.0 0.0 0.0 0.0 0.0 
0.0017080673588715665 0.0 0.003410373487101905 0.0 0.0 
0.0 0.0 0.0 0.0 0.0 
0.0 0.0 0.0 0.0 0.0 
0.05040571649503817 0.0 0.0 0.0 0.0 
0.0 0.0 0.0031231506633669585 0.0 0.0 
0.0 0.0 0.0 0.0 0.0 
0.0 0.0 0.0 0.0 0.0 
0.0 0.0 0.0 0.0 0.0 
0.0 0.0 0.0 0.0 0.0 
0.0017530181930479679 0.004030163441173237 0.003113192493221129 0.0 0.0 
0.06554355424843229 0.0 0.0 0.0 0.0 
0.0 0.0 0.0 0.0 0.0 
0.0 0.00756266627132794 0.015865424454456996 0.0 0.0 
0.002123116043720861 0.0 0.09345195243188063 0.0 0.0 
0.008686180054018323 0.009464188112681026 0.44621045843133605 0.0 0.0036175209347098576 
0.0 0.0 0.0 0.0 0.0 
0.296163663279665 0.0 0.0 0.0 0.0 
0.0 0.0 0.09749817593760034 0.0 0.0 
0.0 0.0 0.06699215588811513 0.0 0.0 
0.0 0.21335324373406467 0.0 0.0 0.0 
0.0 0.0 0.015865424454456996 0.0 0.0 
0.0 0.0 0.0438626112713908 0.0 0.0 
0.0 0.0 0.0 0.0 0.0 
0.0 0.0 0.0 0.0 0.0 
0.009515588609048217 0.0 0.003410373487101905 0.0 0.0 
0.0 0.0023301083190486074 0.012693212858591476 0.0 0.0 
0.07419021072231219 0.0 0.0 0.0 0.0 
0.0 0.0 0.09749817593760034 0.0 0.0 
0.011089878319049421 0.21335324373406467 0.0033331194629470213 0.0 0.0 
0.1372273992578138 0.0 0.0 0.1532846589616085 0.0 
0.0 0.006367393296806568 0.0 0.0 0.0 
0.0 0.0 0.0 0.3123222687976074 0.0 
0.0037959365289134826 1.3052303642327179 0.007748668559088298 0.0 0.0033350688555316586 
0.00522677869181071 0.07430324979572102 0.014646617420430524 0.0 0.027210804271866958 
0.002629780864202736 1.009929557267192 0.04991167826481753 0.0 0.0 
0.03229549205838056 0.0 0.0 0.0 0.0 
0.0 0.0 0.09749817593760034 0.0 0.0 
0.0032050357299636305 0.0 0.0 0.0 0.0 
0.0 0.0008529918857546158 0.35699289199761647 0.0 0.027210804271866958 
0.0 0.0 0.0 0.0 0.0 
1.0353229634777823 0.0 0.0 0.0 0.0 
0.0 0.0 0.0 0.0 0.0 
0.7777057664514363 0.0 0.0 0.0 0.0 
0.0 0.0 0.0030713264689954684 0.0 0.0 
0.3376597512699166 0.0 0.04526301153378337 0.0 0.0 
0.0 0.0 0.0 0.0 0.0 
0.005335172384730819 0.0 0.5978642918429454 0.0 0.08380409746170597 
0.0 0.0 0.0 0.0 0.0 
0.0 0.0 0.0 9.941622411548076 0.0 
0.0 0.0 0.0 0.0 0.0 
0.0 0.024833227510321656 0.0 0.0 0.0 
0.0 0.0 0.0 0.0 0.0 
0.28512514328508926 0.0 0.4155996038759831 0.0 0.0 
0.0 0.0 0.0008913279164493883 0.0 0.0 
0.0025379414315072272 0.0 0.0 0.0 0.0 
0.0 0.0 0.0 0.0 0.0 
0.0034525094308246683 0.24260057139535451 0.0 0.0 0.021121642106830953 
0.3350787399981359 0.0 0.0 0.1532846589616085 0.0 
0.0 0.0 0.0 0.0 0.0 
0.006343150465576236 0.0 0.0007857243895887723 0.0 0.0 
0.0 0.0 0.0 0.0 0.0 
0.06554355424843229 0.0 0.0 0.0 0.0 
0.0 0.0 0.0 0.0 0.0 
0.0 0.0 0.09749817593760034 0.0 0.0 
0.0 0.0 0.0438626112713908 0.0 0.0 
0.0 0.0 0.0 0.0 0.0 
0.0 0.0 0.0 0.0 0.0 
0.0 0.0 0.0 0.0 0.0 
0.0 0.0 0.0 0.0 0.04424135692671048 
0.0 0.5899411719327048 0.0 0.0 0.0 
0.7117306243967139 0.028990081536583757 0.0 0.0 0.0 
0.0 0.0022674638477342465 0.0 0.0 0.0 
0.0 0.0 0.5864366920249168 0.0 0.08301665064859433 
0.0 0.0 0.06699215588811513 0.0 0.0 
1.3491631250345852 0.0009058904686439873 0.0009649519008325272 0.49828868647465296 0.0 
0.1372273992578138 0.21335324373406467 0.0 0.0 0.0 
0.0 0.0 0.0 0.0 0.0 
0.5355722148503455 0.0 0.0 0.0 0.0 
0.0 0.0 0.0 0.0 0.0 
0.009864174247760288 0.0 0.003410373487101905 0.0 0.0 
0.002629780864202736 0.007709928196182893 0.11735820825147145 0.0 0.0 
0.0 0.0065859898762287645 0.0 0.0 0.0 
0.016810862612169766 0.0 0.0 0.0 0.0 
0.0 0.48468665054129684 0.0 0.0 0.0 
0.0 0.7164756438736894 0.40695769788221725 0.0 0.0 
0.0038336321008926827 0.0 0.0 0.0 0.0 
0.03160247637714449 0.0 0.0 0.0 0.0 
0.0 0.0 0.28552237494276744 0.0 0.0 
0.0 0.0 0.0 0.0 0.0 
0.0 0.0 0.0 0.0038223688395860214 0.0 
0.0 0.0 0.1897233052691722 0.0 0.08301665064859433 
0.7272439796854269 0.0 0.0 0.0 0.0 
0.0 0.0 0.004232528616949308 0.0 0.08301665064859433 
0.0 0.0 0.0 0.0 0.0 
0.0 0.0 0.0 0.0 0.0 
0.0 0.0 0.0 0.0 0.0 
0.0 0.9347872306149058 0.00204040820807388 0.0 0.0 
0.0 0.0 0.0 0.0 0.0 
0.025854545048633392 0.0049308648504966975 0.8126552440763469 0.0 0.0033350688555316586 
0.7311154965930979 0.0 0.05832763546345523 0.0 0.0 
0.11574060153051133 0.0329030497747811 0.03708830534460792 0.0 0.0 
0.0 0.21335324373406467 0.0 0.0 0.0 
0.008686180054018323 0.009464188112681026 0.33565711491542616 0.0 0.17484323679283167 
0.0 0.0 0.8028769466373401 0.0 0.0 
0.003816260346336003 0.0 0.0037883342708763704 0.005358899644410203 0.0 
0.012524959341446316 0.0 0.0 0.00805812438077442 0.0 
0.07487528989607434 0.0023301083190486074 0.012693212858591476 0.0 0.0 
0.0 0.0 0.005717970870332014 0.0 0.0 
0.0 1.6054992779871282 0.0 0.0 0.0 
0.008686180054018323 0.009464188112681026 0.0029535554659160935 0.0 0.0036175209347098576 
0.0 0.0008607158303754001 0.2629187624796874 0.0 0.0 
0.0 0.0023301083190486074 1.5437727563820678 0.0 0.0 
0.0028056746099590934 0.0 0.05832763546345523 0.0 0.0 
0.009694195981823557 0.0 0.022519632763800517 0.0 0.08301665064859433 
0.0 0.0 0.38547681044893584 0.0 0.0 
0.16580056712412783 0.0 0.0 0.0 0.0 
0.0 0.0 0.0 0.0 0.0 
0.29950471719852023 0.0 0.0 0.00805812438077442 0.0 
0.0 0.0 0.09749817593760034 0.0 0.0 
0.0 0.0008809591261614557 0.0 0.0 0.0 
0.05040571649503817 0.0 0.0 0.0 0.0 
0.0 0.009236287013097885 0.0020875009682006884 0.0 0.0 
0.1372273992578138 0.0 0.09749817593760034 0.0 0.0 
0.8845598261226502 0.0009058904686439873 0.0009649519008325272 0.0 0.0 
0.0 0.0 0.0 0.0 0.0 
0.13146361005313878 0.0 0.0 0.0 0.0 
0.6519376507639799 0.0 0.0 0.9725112802235929 0.0 
0.15743411818665598 0.0 0.0 0.03550527022990587 0.0 
0.0 0.0 0.02898097321496623 0.0 0.0 
0.018876019821624613 0.0009058904686439873 0.0009649519008325272 0.0 0.04424135692671048 
0.05040571649503817 0.0 0.0 0.0 0.0 
0.0 0.0 0.0 0.16996010944835724 0.0 
0.07487528989607434 0.0 0.0 0.0 0.0 
0.0 0.004166945851975127 0.0 0.0 0.0 
0.0 0.21335324373406467 0.0 0.0 0.0 
0.019649763068153497 0.0 0.003172478798074932 0.0 0.0 
0.0 0.9292458282020789 0.0 0.0 0.0 
0.0 0.0 0.0 0.0 0.0 
0.0 0.0 0.0 0.0 0.0 
0.00466974713720241 0.21335324373406467 0.0 0.0 0.0 
0.0 0.21335324373406467 0.0 0.0 0.0 
0.0 0.0 0.09749817593760034 0.0 0.0 
0.0 0.0008809591261614557 0.0 0.0 0.0 
0.0017080673588715665 0.0 0.003410373487101905 0.0 0.0 
0.1706042546521278 0.0 0.0 0.0 0.0 
0.012524959341446316 0.0 0.0 0.03497552447111671 0.0 
0.009190793569278035 0.5899411719327048 0.0 0.0 0.10654101639499063 
0.0 0.01022960418463875 0.1507354594178661 0.0 0.0 
0.0 0.21335324373406467 0.0 0.0 0.0 
0.0 0.0031404365940908914 0.0 0.0 0.0037248000065513917 
0.0 0.0 0.019437983165543925 0.0 0.0 
0.00466974713720241 0.0 0.004680496379589284 0.0 0.0 
0.0 0.0 0.0 0.0 0.0 
0.0 1.2688688660651655 0.0 0.0 0.0 
0.0 5.309470547394343 0.0 0.0 0.0 
0.009763910081809185 0.9292458282020789 0.0 0.0 0.0 
0.0 0.21335324373406467 0.0 0.0 0.0 
0.0 1.5792121297351192 0.0020875009682006884 0.0 0.0 
0.0 0.0 0.0 0.0 0.0 
0.0 0.5899411719327048 0.0 0.0 0.0 
0.03160247637714449 0.0 0.0 0.0 0.0 
0.0 0.9936629895401801 0.0 0.0 0.0 
0.0 0.0 0.0 0.0 0.0 
0.0 0.5899411719327048 0.0 0.0 0.0 
0.0 0.9292458282020789 0.0 0.0 0.0 
0.00215111900929055 0.8921492073330161 0.0 0.0 0.0 
0.0 0.0 0.0 0.0 0.0 
1.3672776261777022 0.0 0.0 0.0 0.0 
0.0008369665929056424 0.03540471316651512 0.09932290634279066 0.0012210110633520427 0.0 
0.009588754351769289 0.43464140611912705 0.6096967877308827 0.0 0.0 
0.28482516828156806 0.0008607158303754001 0.033961205302243336 0.0 0.0 
0.010854432382018695 0.0 0.19448749459445044 0.0 0.0 
0.0061916490854228845 0.00458887005465797 0.026392930820142317 0.0 0.0033350688555316586 
0.09198839832935442 0.0 0.0 0.00805812438077442 0.0 
0.10356302050975888 0.0 0.0 0.00805812438077442 0.0 
0.0 0.0 0.0 0.0 0.04424135692671048 
0.1372273992578138 0.03540471316651512 0.0 0.0 0.0 
0.0 0.03540471316651512 0.0 0.0 0.010945817798831517 
0.00445447362975493 0.0 0.0 0.0 0.4971965025282363 
0.05040571649503817 0.0 0.0 0.0 0.0 
0.0 0.009236287013097885 0.19917135381160206 0.0 0.0 
0.015112253208556834 0.0 0.0 0.0 0.0 
0.0 0.0 0.31095220472616186 0.0 0.0 
0.0 0.008741596691207653 0.09749817593760034 0.0 0.0 
0.00522677869181071 0.027376391447747898 0.5801674113081735 0.0 0.0 
0.07487528989607434 0.0 0.2717842711028403 0.0 0.0 
0.18262361645735917 0.0 0.0 0.0 0.0 
0.6545200245263141 0.001787648829229524 0.0 0.0 0.0 
0.0 0.0 0.0 0.0 0.0 
0.03160247637714449 0.0 0.0 0.1532846589616085 0.0 
0.030311970741254163 0.0 0.0 0.0 0.0 
0.39721292656524054 0.0 0.0 0.00805812438077442 0.0 
0.0 0.014778023434340612 0.0 0.0 0.0 
0.37526623150570393 0.0 0.0 0.0 0.0 
0.0 0.0 0.0030713264689954684 0.0 0.0 
0.0017080673588715665 0.0 0.003410373487101905 0.0 0.0 
0.3458635718210485 0.0 0.0 0.0 0.0 
0.0 0.0 0.0 0.03550527022990587 0.0 
0.011089878319049421 0.02071081213752705 0.008987900269317018 0.0 0.0 
0.015112253208556834 0.0 0.0 0.0 0.0 
0.28095066146407144 0.0 0.0 0.0 0.0 
0.0 0.43442851154052137 0.15915457742312733 0.0 0.0 
0.0015889970385866655 0.0 0.05791155600351391 0.0 0.0 
0.0 0.0 0.0 0.0 0.0 
0.0 0.0 0.09749817593760034 0.0 0.0 
0.05040571649503817 0.0 0.0 0.0 0.0 
2.086111405840107 0.0036235618745759494 0.003859807603330109 0.0 0.0 
0.0 0.0 0.09749817593760034 0.0 0.0 
0.002629780864202736 0.007709928196182893 0.010057230477123109 0.0 0.0 
0.6619339033321147 0.0 0.0 0.0 0.0 
0.005335172384730819 0.0 0.3749579523108576 0.0 0.0 
0.0061916490854228845 0.00458887005465797 0.11631546792206521 0.0 0.0033350688555316586 
0.0061916490854228845 0.6692357361377886 0.12479822567305546 0.0 0.0033350688555316586 
0.0 0.0 0.020144830766340174 0.0 0.0 
0.0 0.0 0.0 0.0 0.0 
0.0 0.0 0.0 0.0 0.0 
0.018876019821624613 0.0009058904686439873 0.0009649519008325272 0.0 0.0 
0.0032050357299636305 0.0 0.0 0.0 0.0 
0.0 0.0 0.0 0.0 0.0 
0.0 0.0 0.0 0.0 0.0032619542781816436 
0.0 0.0 0.0 0.0 0.0 
0.0 0.0 0.0 0.0 0.010945817798831517 
0.0 0.0 0.10118813417552429 0.0 0.0 
0.00445447362975493 0.0 0.0 1.4977245665440913 0.010558824925647433 
0.0 0.014778023434340612 0.0 0.0 0.0 
0.0 0.0 0.0 0.0 0.0 
0.37351876167696535 0.0 0.04862187364861261 0.0 0.0 
1.3314786788958852 0.0 0.0 0.0 0.0 
0.0 3.109337309051413 0.0 0.0 0.0 
0.0 3.7844845647136105 0.0019299103187921131 0.0 0.0 
0.012524959341446316 0.0008607158303754001 0.033961205302243336 0.00805812438077442 0.0 
0.0 0.06264037971126472 0.31553309333578466 0.0 0.0 
0.0 0.0 0.0 0.0 0.0 
0.0 0.0 0.017971095172897588 0.0 8.594612169648846 
0.1372273992578138 0.0 0.09749817593760034 0.0 0.0 
0.012524959341446316 0.0 0.0 0.3226855666847659 0.0 
0.2900537257804902 0.0008529918857546158 0.002061471562727886 0.0 1.354078261771939 
0.0 0.0 0.007814296028570302 0.0 0.0 
0.033730542803209605 0.004030163441173237 0.003113192493221129 0.0 0.0 
0.0 0.0 0.004753018969499487 2.376858391391387 0.07979136882030508 
0.16070473891328904 0.0 0.0 0.0 0.0 
0.0 0.0 0.0 0.4794066929175731 0.0 
0.0 0.0 1.1960038932013626 0.0 0.0 
2.050508089493592 0.0 0.0 0.0 0.0 
0.0 0.0 0.07921132595870442 0.0 0.0 
0.10210540540748606 0.0 0.11879794589279086 0.0 0.0 
0.0 0.0009058904686439873 0.015865424454456996 0.0 0.0 
2.6315472575113836 0.0 0.3215269602630234 0.0 0.0 
0.0 0.0 0.0 0.0 0.0 
0.05040571649503817 0.0 0.0 0.0 0.0 
0.1372273992578138 0.0 0.0 0.0 0.0 
0.0 0.0 0.0 0.0 0.0 
0.8682379310925511 0.0024124831446529723 0.0 0.0 0.0 
