0 0 0 0 0 0 0.3969044551234893 0 0.1751999969671019 0
0.04196476763589163 0 0 0.04838607829996877 0.05152555553291904 0 0.4159627938135007 0 0.150719340968916 0
0 0 0.01395551104885073 0 0 0.008695179137556686 0.4023231830273208 0 0.1654888975581943 0
0 0 0 0 0 0 0.8160762351267096 0 0.1606562993776499 0.01316270065850866
0 0.009919324037456656 0.02774484333572413 0 0 0 0.1839403532937038 0.1506728275661759 0.6823417161310965 0
0 0 0 0 0.838693451082082 0 0 0 0 0
0 0 0 0.1395042913787008 0.2459306284628182 0 0 0.1934814677251329 0 0.06232053229806089
0 0 0.03366808560735524 0 0.3154155838303085 0 0.02691831771352238 0.0972104423851079 0 0
0.01120269367977866 0.008707151633531751 0 0 0 0 0 0 0 0.1937292989395578
0.0005239220812847112 0 0 0 0 0 0 0 0.05067151264161285 0.2526183655927337
0.09249293044121587 0.08817497119976614 0 0 0 0 0 0 0 0.4320439068501851
0 0.04751499408377313 0.04759007862212594 0 0.09563718255957143 0 0.1268062786967505 0.0605484652679471 0.06993608370386606 0.1574165186720231
0 0.2746676222434241 0.05785352129785637 0.03550307086866411 0 0.03775980692837311 0.006372997803144598 0.4278367953660058 0 0.1183905421371039
0.6153133171658285 0 0.1153937432781844 0.05481513946296657 0.06974241718674801 0 0.131442014944599 0 0.05849050600454953 0.03479443018460437
0.2564727320779305 0.07878780451962442 0.04276296524199652 0.1342205406278576 0.03263499582967588 0 0.05177736835692492 0.1163658337588602 0 0.03826193976219794
0.01344560192132982 0 0.211437307501825 0 0.2388123311803638 0.03741064172938824 0.04242706292317422 0.04223201855704839 0 0
0.07307210633022243 0.03387499199305388 0.09484773776603617 0.02985801068779925 0.3444097967367004 0 0.1901780727409537 0.07462456772941817 0 0
0.09330089824111476 0 0.2982599388210911 0.03262414299445004 0.5472223720504616 0 0.2433858445424499 0.008298223579220831 0.0213137246912829 0
0.137105713820153 0 0.4007133441888857 0.03825557826610915 0.3270941411099371 0.04748181251310979 0.1997539390829557 0 0.02903578355146319 0
0.3219155786319652 0.07276257516073703 0 0.1976581209726609 0 0 0 0 0 0.3241458398599995
0.2868393046962361 0.110685606857307 0.04123095863154247 0.01469180334087317 0 0 0.002162769397501485 0 0 0.3832164536943055
0.09206221879366727 0.09401115960115392 0.2158071806845279 0.003196360472033533 0 0 0.003171969644070849 0 0 0.4918600098208377
0.09640033395785519 0.8229737518035878 0.05990023270531597 0.01376053650274001 0 0.02397268992997015 0 0 0.01348487135153631 0.2363010417075475
0.03757364492083037 0.03155412395113788 0 0 0 0 0 0.02933891078006901 0 0.8819034775271624
0.7715089554223249 0 0 0 0 0 0 0.08872584136713701 0 0
0.5372839663493361 0 0.07665301042307404 0 0 0.06664565072368434 0.07319564884610097 0.40128230581068 0 0
0.7311948901092908 0.1408202273211241 0.0865919833161819 0 0 0 0.02611085774055244 0.007589857471365091 0.02891390618512424 0.05976947485112238
0.4638941858098098 0.0555342401259562 0.5066392479794777 0.1310100838144019 0.04644418411687457 0 0 0 0.04797220131797797 0.02434796180472798
0.8991975251367161 0 0 0 0.05118632168866188 0.0007851693690790196 0.0224302976278985 0 0 0
0.7222691147265594 0 0 0.1472048786397215 0 0.09242848213758781 0 0 0 0
0.8581564895127631 0 0.08612276248615802 0 0.04253625335831623 0.008866498312455118 0 0 0 0
0.8450849899549442 0 0.06724551751659447 0.005372795680360865 0 0.03676287768548003 0.05270570593892221 0 0 0
0.8672019948872165 0 0 0.01328045389278021 0 0 0 0 0 0.01219350239330441
0.8672021830381782 0 0 0.01328067289329571 0 0 0 0 0 0.01219386568180614
0.7480430961295343 0 0.1175045038801612 0 0.04901237695671501 0.02142149439260543 0.0315427846842613 0.01143060288290987 0 0
0 0.5601468002851939 0 0.007823664432609512 0 0 0 0.01980892666206646 0.6221491621720914 0
0 0.1257610759905479 0 0 0 0 0 0 0.1454071711156766 0
0 0 0.3284510777233369 0 0.1687114302715169 0 0.03882801223491694 0.007802598305899355 0.001525011299606804 0
0 0 0.2820812142260618 0 0.1042706378978544 0 0.02601624615390241 0 0 0.06877707365846875
0.01494057743692601 0 0.4520578000770699 0.009336982838469954 0.1840864428770383 0 0 0 0 0
0 0 0.4873769852474674 0 0.02383283997985242 0 0.07327605975179585 0 0.1624413697313645 0
0.1545590834632564 0.0256015661641269 0.03043019941286818 0.01317621566346738 0.04766960278178334 0 0.444716179032133 0.09285760753286199 0.013078316539479 0.06334628505117146
0 0 0.05284178091778147 0 0 0 0.34984050398456 0 0.0996876654613672 0.07710976842182227
0.01426997064787305 0 0 0 0 0.001710230705645355 0.188273913515532 0.002026467849746139 0.02685778008770523 0.0406446321655729
0.09015021053310424 0 0.6606667106994111 0.02421146693935228 0 0.01129357815501497 0.05047513995079589 0 0.1368295744110712 0.1085110784815373
0.02005383858205612 0 0.575144526336373 0 0 0.1850287478314281 0 0.004606847515483015 0 0
0 0.03992989949817582 0.004315742059473049 0 0.02392085401662558 0.007493114100428411 0.06401092089124338 0 0.01872716051271706 0.03172231414089466
0 0.1772323605277684 0.04216670184932747 0.04873299042249135 0.09914654239234433 0.07493762920886149 0.09074510382101586 0.04798212999710616 0.03645146279365941 0.07829537865935676
0.005939695823646174 0.03990293585992322 0.03558094033168957 0 0.03182138782345056 0 0.1523048022775362 0.002457989944139038 0.09152830441407112 0.06100934630347377
0 0 0.008809470816636855 0 0.07414522513544863 0 0 0.1548038334194168 0 0.5257932328493993
0 0 0.1638430377271647 0.03603527664774253 0 0 0.174711339289088 0.0973897222775848 0 0.01624261990212772
0 0.08569842695160967 0.2838684314970308 0.2822887116580117 0.05940142506259516 0.1113821343602748 0.02663113824118057 0 0 0.2248486370547507
0 0 0 0 0 0 0 0.03279195465219975 0.005235317952502649 0
0 0 0 0 0 0 0 0.1072466189704828 0.02217686819804521 0
0.1613667121967892 0.03321969103776934 0.02157406055961864 0.5727143542343101 0.07793898794445631 0 0.1748353331494885 0 0 0.02300207430676027
0 0.001217212076728424 0.4565630132168603 0 0 0.01098057574803435 0.0233465942892257 0 0.09308387679173413 0
0.09110441884508691 0.06030481876757965 0 0.01432496010267581 0.6072785274671539 0.1478356916384755 0 0.005784048995008506 0 0
0.06664911071143931 0.03267503981347386 0.06487275076433296 0.02452293781109938 0 0.06813987345101458 0.4862598588712579 0.4455430142487367 0 0
0.03167370160429162 0.05153815464510569 0.07788388514810274 0 0 0.1328228559956812 0.1081527511978919 0.448439318658548 0 0
0.07147327516155744 0.8255656637749278 0.05600361031917478 0 0 0 0.02828229756691703 0.05108307641111609 0.05962154118801943 0
0 0.1023448239526921 0.12411039090314 0 0 0.0176477082166826 0.08898004571925933 0.3456735607305628 0 0
0 0 0 0.05797450368324619 0 0 0 0 0.2010440556481532 0.2871690703968734
0 0 0 0.05797119700115561 0 0 0 0 0.2010387290433406 0.2871856071927448
0.005969102908385038 0 0 0 0 0 0.1426100175472749 0.2377860706479507 0 0.02388000471991458
0 0 0 0 0 0 0.1090479443594299 0.2294856858384307 0 0.1663193582499218
0.2304450680362378 0 0 0 0.2088520696984599 0 0 0.09225557700376452 0 0
0.09004461448492784 0 0 0 0.06934548901026627 0 0 0.5709237616672334 0 0.1258930077587919
0.1249501239134068 0.07590263678794207 0.2673734321126042 0.222582464419314 0.2489199074702773 0 0 0.085764137550838 0 0
0.03057505099112112 0 0.3298666464423503 0.04859504802660108 0.08549734199866443 0.5054465303296871 0.1283108407476705 0 0 0
0 0 0.2757646697639911 0.0001524765402649564 0.5687461155626783 0 0 0.0805433235362194 0 0.05978981437817321
0.2185440208728251 0 0 0.04266696881302123 0.07921818336283781 0.125079829693963 0 0 0.4572688364267501 0
0.1317418235627814 0.05377189550275951 0 0.6770768347578027 0.05526870694530772 0 0 0.1442297073339158 0.04399224576732497 0.02846209421072166
0.6433879579102404 0 0 0.07042170655435309 0 0.0009157872807941114 0 0 0.07862410741679549 0
0.1848119112527249 0 0 0.1343383135120888 0.007738493979884797 0.004086667303495162 0 0 0.1487075553967687 0
0.246000816035874 0 0.09285724573295684 0.1264367254462098 0 0 0 0 0.208399203364281 0.01672241434521693
0 0 0 0 0 0 0 0.09384538538888454 0.04453152469248045 0
0 0.02441145207694428 0.2678930181904855 0.05881195924147908 0.1503526330407676 0.005300358162636076 0 0 0 0.02427922622945711
0 0.2800601199164892 0.0917455461293839 0.06275774221365382 0.06884677937749761 0.5003415987429525 0 0.01033389502322524 0 0.02983961088120002
0 0 0 0 0.006847169535277864 0 0 0.2068847034978962 0 0.7708090952345492
0 0.01650590416181963 0 0 0.0006599900046098117 0 0 0.6331501258576764 0 0.1442839763355748
0 0.2285869914507639 0.05485109001545463 0.205549001192068 0.1091431336417299 0.05983545077952068 0 0.1792449873171953 0 0.1563149811390692
0 0.6448098132675502 0 0.3689778090158295 0.00328176407612224 0.02111806648920944 0 0.4062225194075262 0 0.01714722884698183
0 0.0005581620129575526 0 0 0 0.4984942532050007 0.4919345458994244 0.001091579254794306 0.3236233605801864 0
0 0 0.01116729837347208 0.04720921607257189 0.07477324044405154 0.04440180183126885 0.04514461355060173 0.2310537145833058 0 0.5072278041469611
0 0.1342507296469964 0 0.1422048441418065 0 0.09962235772102068 0.02261237819781137 0.304378058441811 0.000957650454050496 0.03693728263957352
0.01652721389392586 0.02771670088771105 0.2458942783558842 0 0 0 0.2021532371295838 0 0.6233466526432694 0.05735060013563897
0.1400707270825681 0 0 0.05700415524408764 0.02191966189971839 0 0.5438917316100654 0 0 0
0.100050872577538 0 0.05641305703068245 0 0.1905318098365478 0 0.09351777885146673 0.2784029243238524 0 0
0 0 0.05853128347570014 0 0.1577758950324237 0 0.03553603259961235 0.1562703161353889 0.02080868167238159 0
0 0.03656366456084825 0 0.474840130970972 0.0251929673469351 0.03397406997613306 0 0.5181512272492739 0.02306612299465161 0.2843601463231775
0 0 0 0.05462634320777049 0.05650708642697033 0 0 0.5781262314549156 0 0.3876597296758637
0.1227477633000147 0 0.3789144624230507 0 0 0.5245463150982059 0 0 0 0
0.0002202167024869528 0.1008364614111803 0 0.04232661294943552 0.117191301219693 0.6815343813990786 0 0 0 0.003270371250147175
0.0002186816999483199 0.1008377864674195 0 0.04232598245309593 0.117192270840252 0.6815339893841883 0 0 0 0.003267964899547948
0 0.003431874725567718 0 0 0 0.9503011716284178 0.03726742436210739 0 0.004667751178760504 0
0 0.003431070525175661 0 0 0 0.9503148250743912 0.03726597910203289 0 0.004666854107315155 0
0.09522197774328522 0.001543822637992909 0 0.1891507819049632 0.01020066615291215 0.6368111253795443 0 0 0 0
0 0 0 0 0 0.04125500344223076 0.8366749312628442 0 0 0
0 0.02139891647992487 0 0 0 0.7335516678280083 0.06861621832266573 0.01066926124192347 0.05400560702263268 0
0 0 0.3104942328977787 0 0 0.5791210797355693 0.02405058341483435 0.03519839754866316 0.0227951805748674 0
0 0 0 0 0 0.7008195149917564 0.06087059575534948 0 0.04663374935858577 0
0.001136348891189742 0 0 0 0 0.6590386964776629 0.1104333203750489 0.2799004262175198 0.01715887667931115 0
0 0 0.001876180990285858 0 0 0.5781254832168381 0.04751052204526141 9.976618451967845e-05 0.4008298773702228 0.009019515944648004
0.09291046406639136 0 0.6672135200765819 0.0704362119781845 0 0.1456686261753481 0 0 0.01338009684978925 0
0 0 0.4231836823163597 0.06102009321113155 0 0 0.2382397265020229 0.006258677851356031 0.0679101768224073 0
0 0 0.06847398613064359 0.05759516044937696 0 0.07065975096215382 0.7924726219291895 0 0 0
0 0.03178163118239863 0.2851730335847895 0.5891979509093352 0 0.02307415004929592 0.1451907353406463 0 0 0
0.0005205266249765916 0 0.325668814394847 0 0.004155466903611904 0.1218473111387819 0 0 0.06969663759987021 0
0 0 0 0 0.09966924723774806 0 0 0.1609255309532704 0 0.5381550085028672
0 0 0 0 0 0.01971006783102069 0.8793229550651988 0 0 0
0 0 0 0 0 0.01970863824505864 0.8793212424194404 0 0 0
0 0 0 0 0 0 0 0.3116989720274908 0.1729619067950341 0
0 0.03704943052500531 0 0 0 0.07555369918079236 0.02184086185303413 0 0.9343085503664182 0
0.1400504233612747 0.1673548418805086 0.04211620383076053 0 0 0.1151369886267906 0.01397957946252371 0 0.5146525946585412 0.009008299861980928
0 0.03705000547042969 0 0 0 0.07555136348761171 0.02184173771167486 0 0.934306271037985 0
0 0.0370502543994351 0 0 0 0.07555040773223176 0.02184225155373709 0 0.9343051769378294 0
0 0.03976996423335644 0 0 0.01863568165578977 0 0 0 0.8827249723301085 0
0 0.01646479528822686 0 0.02846151967692023 0 0 0 0 0.7753723972583466 0.1550656991498438
0 0.04116199281146615 0.01441345112514236 0.006084200715946286 0 0 0 0 0.8028352723658885 0.1133273423320822
0 0 0 0 0.002098486985403492 0.08391783718333268 0.01421298646163649 0.1259562782165999 0.07197221957680711 0.1822637101006381
0 0 0 0 0 0.01139876446424593 0.01968818030866815 0.047469953515348 0 0.2393833653149116
0 0 0 0 0 0.00478660036736378 0 0.005423280040377287 0.0007077737303278209 0.6527148718821835
0.004135279231951783 0 0.241821244328819 0 0.122441152376715 0.08313320643930355 0 0 0 0
0.03861831231277169 0.004040532497492588 0.1866023762881512 0 0.5436275437970508 0 0 0 0 0.08643608746880127
0 0 0.1411472808949119 0 0 0.07191085831275967 0.1472389734193027 0.5028201899202809 0 0
0.1696187211748446 0 0.4152903556028171 0.1034249675405277 0.1114292130479444 0 0 0.02906063743542719 0 0
0.06489309236402541 0.06226452163575247 0 0.02488178901793714 0.1140606704933895 0 0.03075636543372084 0.6601016702713529 0 0
0.09122075098170557 0.06049497722702624 0 0.009056635579061778 0.6188125519183063 0.006265025181991124 0.0162804321814336 0 0 0.005816416167665261
0.06198639204724188 0.01323576592078268 0.05914820151129407 0.01372585832198636 0.09940985350634701 0.1730775466717931 0.01271213510796487 0 0.08226575851976592 0
0.1308332092794298 0.01940299194282891 0.1137810381310422 0 0.1624233958421226 0.1586337248170955 0.01724944370665504 0 0 0
0 0 0.005617540240771657 0 0 0.1166247451740179 0.03773295515753561 0.04036818044969315 0.09708095968601915 0.0634650156333032
0.1312783398451967 0 0 0.0006307691068458965 0 0.0465775081948685 0 0 0.006590697376173571 0
0 0 0 0.01329974559385239 0 0 0 0 0.1471835649021556 0.6616828134832872
0 0 0 0 0 0 0 0 0.1562003345015628 0.6415127684910803
0 0 0 0 0 0 0 0 0 0.714966636383333
0 0.388396339333092 0.07966589232669841 0.1796603529797722 0.1025293773803468 0.07763120254846534 0 0.06605077177251029 0 0.08201535588251985
0.02001601275288123 0.1947765596230071 0 0.2992292679486552 0.0339995838282634 0 0 0.3338287165991729 0 0
0 0.01557514104217161 0.1154277034958546 0.01096235866266704 0 0.1059354501367176 0 0.1362633390201577 0 0
0.02207189679657295 0.08443227289370903 0.003606406531268203 0.1082880452993253 0 0.02090098247373806 0 0.1747881170576688 0 0
0.153263233253045 0 0.1513879639424267 0 0.06128201759739738 0.01241552209735053 0.08216672216433762 0.2680198260027136 0 0
0.1437149769078558 0 0.2283496369636411 0.02198744628251026 0 0.08788024612869405 0 0.01634373486512408 0 0
0 0.1326356223273548 0 0.2813818264184536 0 0 0 0.4627129600745534 0.01353440702035114 0.009915445249632837
0.005041374328208947 0.01436433042580121 0.2744241585685556 0.01000385934580628 0.01185304729530801 0 0.1844308749804475 0.02588013293764857 0.06751970537942431 0.3224371386191118
0 0.7859707827567544 0 0.007072097865094884 0.1401668815847523 0.1313920491022167 0 0.04509483433772909 0 0
0 0.6846584743458211 0 0.4756236687673649 0 0.02331511335512504 0 0.1391707982548562 0.005078262352768981 0
0 0.9663585842209967 0 0.0019460135625613 0 0.01607205454284233 0 0.01727932915185781 0 0
0 0.9410796367751462 0 0.00394625978850871 0 0.02659455318380921 0 0.02711092213692035 0.00799746919711275 0
0 0.9537714645707069 0 0 0 0 0 0 0.01012249837879287 0
0 0.9537715078144511 0 0 0 0 0 0 0.01012244674880614 0
0 0.953771551264325 0 0 0 0 0 0 0.01012239510442514 0
0 0.9537715949210583 0 0 0 0 0 0 0.0101223434455866 0
0 0.02208798633508069 0.3641732745796615 0.05313469037140917 0.1062076391873152 0 0 0 0 0.05286378305353878
0.1101932330642583 0.162426472450431 0.3782902650437878 0 0.03446848708431105 0 0 0 0.05673213146644041 0.2332172213327539
0.02520322354774285 0.009555882221430112 0.4213614612496066 0.03588386313715564 0.2156556848493263 0 0 0 0 0.01075109255726625
0 0.08340735956928813 0.02736142781567996 0.1019857512097893 0 0 0 0.1122722587982059 0.26932232137495 0.17975979780291
0.1574104256751789 0.2428159828034808 0.1159522562855775 0.01355670932752351 0 0 0 0.003349840782689073 0.1273951513945004 0.1071535569852737
0.03402703547955177 0.06603853873671839 0 0.7622037976730969 0 0 0.02098290681344128 0 0 0
0 0 0 0.2346571236674782 0 0.006134346172792959 0 0 0 0
0.06754259839988919 0.0008149971247650711 0.03023130215009706 0.7297651539665443 0 0.06797354207395201 0 0 0 0
0 0.04108183297826518 0.1486627200897601 0.1998151239423489 0 0.02635187574624287 0 0.003673553060199231 0.1496417972637574 0.1907699856995932
0 0.01078812463889256 0.181142025466946 0 0 0.08305791220181091 0 0.1969119546829596 0.1686495259277607 0.117840827697637
0 0.1736792886704841 0.3214520657890954 0.1236441888905047 0 0.1579587685894781 0 0.01295269440851721 0 0.06450521393962072
0.6173219283140239 0 0 0 0.07161466487666024 0.004079950514279007 0.003521982817314084 0 0.006746198418327687 0
0.546550172672623 0 0.07349724102868804 0 0.08789716095786093 0.06950428741033088 0 0 0.05573574555864669 0
0.5465557946262631 0 0.07345846604825668 0 0.08791097283347837 0.06952493958001726 0 0 0.05573742973539142 0
0 0.02651494536926569 0.1833678194939998 0 0 0 0.07001618774033291 0.3098279157525172 0 0
0 0 0.2798276530035684 0.02397958168474545 0 0.1016702804169711 0 0.0570240049804982 0 0
0.05446333647387336 0.003468861823575198 0.3370575984140993 0.1260558201128061 0 0.1202439526133552 0 0.06918771352918252 0 0
0 0.0785848921609229 0 0.1308773012355546 0.2127842117244014 0 0 0.2521302946528745 0 0.05282689301054999
0 0.003794832925276381 0 0.3682173016527706 0 0 0 0.1657854130243004 0.1574540086436831 0.1973521691961133
0.1271024580074398 0 0.303863271944248 0 0 0.07289026801266951 0 0 0.01427030320131206 0
0.127588438964459 0 0 0 0.624449462653458 0.01149633027525554 0 0 0.06237831513701186 0
0 0 0.5921592936556188 0.04834654233679303 0 0.1685198600631634 0 0.01570362952063364 0 0
0 0 0.02090677282094067 0 0.6996105399725789 0 0.02947897572527958 0 0 0
0 0 0 0 0.8655214640008568 0 0 0 0 0
0 0 0 0 0.8655165275391858 0 0 0 0 0
0 0.06662943186330605 0 0 0.6744462600170107 0 0 0.06804252507218922 0 0
0 0.07588041235747611 0 0 0.08697737043831744 0.1979408209184155 0 0.2538107948857706 0.1176117438511026 0
0.0739981602064963 0 0 0.03432554263732279 0.03150419746814714 0.04843012138862535 0 0 0.1335385668435993 0
0.02965327512507843 0 0.3768711957763167 0.04501127175085773 0.1901647259227337 0 0 0 0 0
0.1109481310522451 0 0.01321498247257469 0 0.0334919338722135 0 0.1019160956238716 0.3306395163022344 0 0
0.0203840941862472 0 0.01333411641825455 0 0 0.09645979630477419 0.01599873759956427 0.7606833261141559 0 0
0.01144866306128733 0 0.3695165869578279 0 0 0.2572349454277756 0.02805517508963695 0.3147831346326493 0 0
0 0 0 0.4136279006870178 0 0 0 0.01217904720251295 0.04620483442061274 0.09308195756330062
0.006428180583837984 0 0.02809238148297477 0.4763430050151272 0 0 0 0 0.04084474143709582 0.08217393844618082
0 0 0.2207679237956741 0 0.1016767569308157 0 0 0 0.01945420387594687 0
0 0.04404724298050033 0 0.182745089485111 0 0 0.07784047565217578 0.39473467979475 0.006635845033341914 0.02981017183230006
0.07153305007591793 0.00673491766227774 0 0.03102816855511947 0.2260186137767319 0.01234268554620543 0 0.01608819450204102 0 0
0 0 0.05397921414614015 0 0 0.04288576540132816 0 0 0 0
0 0 0.2095394205285881 0 0 0.1764301709094585 0 0 0 0
0.06490328806811707 0 0.1009924614706017 0.01369613051865715 0.1072803115510677 0 0.01328026255193393 0 0 0
0.07026717057197529 0.004833171311320994 0.01412077485475138 0.02809507365873398 0.2167511843623746 0.006635248486790868 0 0.01073714651673119 0 0
0.002174944984775662 0 0.5739886557387639 0.006542898415794252 0 0.2348569684133761 0 0.01452338880886295 0 0
0 0.04802779255257783 0 0.1507699963806555 0 0 0 0.6815817589678512 0.00201187716958362 0.04276696755872478
0 0 0 0 0 0 0 0.6705499131306256 0.1200408122904089 0
0.01653182360221428 0 0 0 0 0.1836413413963116 0 0 0 0
0 0 0.001345613884365271 0 0.4222001905741608 0 0.04115888293869419 0 0 0
0.09792601244776145 0.01817797148702183 0.3385128186868149 0.01719588723789878 0 0 0.03237549960725272 0 0.09714894132102425 0.2536807851090865
0.007943416867882691 0.01826151367599227 0.2824946510391784 0 0 0 0.01329890523610988 0 0.002624092825584956 0.386419640545407
0.1241561643477951 0 0 0.4809132877554556 0 0.1104373906242606 0.0002565921968504803 0.06545684705959176 0 0
0 0.09600242758614774 0 0.3563150786443625 0 0 0.004005372294050069 0.3391352128055349 0.1003380313236331 0.0167366059777303
0 0 0 0 0.7305206422774946 0 0 0 0.001777794602007443 0
0 0.001591261707440728 0.1066429675297575 0.07455873025006388 0.04159314196223529 0.01847937373104624 0 0.0007465085495355073 0 0.1611065024272909
0 0.0411557488736527 0 0.01922960811869712 0.008038998080893922 0.005037676140830838 0 0.4350229581612821 0.1363594495062053 0
0 0.09189809115452063 0 0.0163577544115947 0.03370624908357267 0.1514211673899979 0 0.1054494384760323 0.004442418823862315 0.003644199733003672
0 0.02004768382163702 0.1799436963588377 0 0 0.08377435829432733 0.009692562833950591 0.2652395490616146 0 0
0 0.05195443892657226 0.01837149757272583 0.8519982122680717 0 0 0.0252592081458558 0 0 0
0 0.05195403532387233 0.01837466151699818 0.8519982843953876 0 0 0.02525794128623016 0 0 0
0.02659273563499598 0 0.04192981809946827 0.6289337516084141 0 0 0.01026869122476248 0 0 0.02386766311052457
0 0 0 0 0 0.007072654453486038 0 0.3904854668919857 0.1788455526958777 0
0 0.004111578917001646 0.4389387927110497 0.02434197249558046 0 0.1368495707080188 0 0.02088382241458331 0 0
0.06798499841772054 0 0.0864055381540918 0 0.3733144743763472 0 0.06226347611116978 0.02416507599703888 0 0
0 0 0.006002852609914733 0 0.3800105130283966 0 0.07453074942254378 0 0 0
0 0 0.006012132959612337 0 0.3800082111560013 0 0.07452866981384743 0 0 0
