0.01927650194738151 0.01308659948366642 0.009658034335479515 0 0.09151365668985356 0.2189282322513482 0.06745604560764074 0 0 2.220446049250313e-16
0 0 0.04511457526514939 0.004230970144630364 0.2668847322337562 0.1556307077598709 0.09292783338129729 0.1742929487349376 0.2082125342568146 2.220446049250313e-16
0 0 0 0.01462624783528166 0.07459943926478019 0.2353869517715337 0.08011819667892106 0 0 2.220446049250313e-16
0.0228141872706018 0 0 0 0.08615130310450758 0.1327374689351395 0.1032877258194933 0.001245005673834676 0.003099979185249291 2.220446049250313e-16
0.002410001642409787 0 0 0 0.3179570728315035 0.2004560141784049 0.5735807908738968 0.05042115262183855 0.01482931727152081 2.220446049250313e-16
0.01622543641474938 0 0.1323979015893066 0.6970196119099912 0.0146320271698035 0.001081869821737191 0.03461125288905453 0.033639960768866 0.04052396487350762 0
0 0 0.2006127185405289 0.09831533214495725 0 0.01885204236328519 0 0 0 0
0 0 0.0348275325853169 0.07874588006435879 0.01147879581395417 0.1901655450696502 0.01107205378113285 0 0 2.220446049250313e-16
0.09208979970101838 0 0.05644601357365775 0.03279242966963869 0 0.05795965677256487 0.01542315381517101 0.0006355605191423752 0.152188234106212 0
0.3192353252265998 0 0.05522251735054406 0 0.00902008824494982 0.02940243438864498 0 0.06166636956404825 0.4406686506218567 0
0.02801759904914891 0.008957827280837938 0 0.05703122428294338 0.2947336521567951 0.1797463497340728 0.06596989113458918 0.009407644467692933 0.03347252872001238 2.220446049250313e-16
0.01607347127404757 0.01650678777303294 0 0 0.05840544681302662 0.248048017162076 0.01203283915050091 0.06055765201712027 0 4.440892098500626e-16
0.3685455592518014 0.2033016695385199 0 0.002899794360088359 0.04564158940506813 0.2447862125625841 0.08807637648290312 0.05139298232496547 0 2.220446049250313e-16
0.02869359118603354 0.02469606026569071 0.06951279898759166 0.02566243263828727 0 0.03868769107713788 0.1700706458875512 0.05393634442267503 0.2028941843470153 0
0.07599878311307284 0.03018617149402125 0.04531017237780399 0 0.1545114975255291 0.1336188067131736 0.05960876461692877 0.04305140540535723 0.04525065079072932 0
0 0 0 0.4357482103103856 0 0 0 0.02245082522612951 0.05212520408068144 0
0 0 0 0.3554653941736203 0 0 0 0.006044735886316266 0.2899216743006316 0
0 0 0 0.4278947643459039 0 0 0 0.01348170266163984 0.04584769249899145 0
0 0 0 0.4357899278036026 0 0 0 0.02236647946468917 0.0521366985286853 0
0 0 0 0.4358065913102647 0 0 0 0.02233306527252665 0.05214145365924217 0
0 0 0.02909534400693681 0.534195932157713 0 0 0 0.4218331454229696 0.007223331601017735 0
0 0 0 0.4358245983397533 0 0 0 0.02229093545417404 0.05214774554982804 0
0 0 0 0.02668912598981854 0.03850767004684896 0.2118845191765262 0 0 0.1872642363993704 2.220446049250313e-16
0.04294099482150648 0.008465272598330076 0.1319128390846265 0 0 0.1522017681244276 0.02106829573453872 0 0.06802709122709927 0
0.08785031110955721 0 0.009641620098066683 0.01897198926039345 0.04565729488294212 0.562680481598181 0.0883813584624451 0.1624544916784485 0.07251353778906466 4.440892098500626e-16
0.009862767103741232 0 0.006477561565268131 0 0 0.03843004748322953 0 0 0.4009117372295039 0
0 0 0.06668189064338592 0 0 0.1120244196530584 0 0 0.4857189364195313 0
0.0102172117866981 0 0.01595930425013181 0.1372562918773066 0.006010507647379093 0 0 0 0.09383356270899501 0
0 0 0 0.548844737960017 0 0 0 0 0 0
0 0.03571671206633797 0.009832677211781826 0.1798517891435665 0 0 0 0 0 0
0.1104874127499749 0 0 0 0.08568941990851009 0.09751579787280606 0 0.03510138548253594 0.1644955326562705 2.220446049250313e-16
0.06414994069193347 0 0 0 0 0.2321523187162267 0 0.1251649309637177 0.112092671561542 4.440892098500626e-16
0.04139877172571627 0 0 0.02521254883184687 0 0.06165421442888297 0 0.006548829470993889 0.5081036970700554 2.220446049250313e-16
0.04944354094607517 0 0 0 0 0.2776693007759397 0 0.0001693065966681395 0.1452883451433034 4.440892098500626e-16
0.06862574917235054 0 0 0 0 0.06016354857435191 0 0.1193575171061709 0.3344557976940168 4.440892098500626e-16
0.4535787854317099 0 0 0 0 0 0 0.05649482883578205 0.1403188253257033 2.220446049250313e-16
0 0 0 0.5423138956133773 0 0 0 0.009606245243106049 0 0
0.1581991660536677 0.1399262715922485 0.05819335596753206 0 0 0 0 0 0 0
0.3488247028527376 0 0.01646873740005117 0 0.0277300057755836 0.1739645912829795 0.2001440598422599 0.08928041964121802 0 0
0.08924769989584846 0 0.007617901560427187 0.08216228939910764 0 0.3315283836674048 0.06117600092199127 0.06217659612671267 0.02369788939524997 2.220446049250313e-16
0 0 0.06158573901082054 0 0.03230423451620146 0.6289491568060337 0.110574170403676 0 0.1900079844320821 6.661338147750939e-16
0.05186971796740081 0 0 0.06435721518478443 0 0.4644702048724474 0.06574590190083507 0.00198753391604356 0.2179695571766975 4.440892098500626e-16
0.04441244080617213 0 0 0.01684228706168622 0 0.2933573715087729 0.01016206380374252 0.4214999294240676 0 4.440892098500626e-16
0.1586247179897233 0 0 0 0 0.3351375658346991 0 0.1868341195066963 0.07516779703303933 2.220446049250313e-16
0.05048127071981434 0.04754779311284274 0 0.8040177597363278 0 0.01380679786341954 0.01623394324191896 0 0 0
0 0.05664253679518572 0 0.8242000254277102 0 0 0 0 0 0
0 0 0 0.5423209674198048 0 0 0 0.009597016635853439 0 0
0 0 0.03597705210033131 0.1004738897049375 0 0 0 0.08723252268499615 0.03976984529671146 0
0 0 0.006994829131589775 0.1422351976116762 0 0 0 0 0.1186097531362997 0
0.03492486363451319 0 0 0 0.05951862871012858 0.1201887156696717 0 0 0.1993955281980566 2.220446049250313e-16
0.1340812474291964 0 0 0 0.1047623829844131 0.1110347221714025 0 0.104713033365931 0.1159931804483847 2.220446049250313e-16
0.09411348647268247 0 0 0 0.1004010159310169 0.0145013081448766 0 0.004410734977689623 0.1131956448453739 0
0.09826956715498092 0 0.464637809215632 0.0301263538737544 0 0 0 0.009118028539413237 0 0
0 0 0.1182308790550821 0.2056001700056858 0 0 0 0.1085253766258341 0 0
0 0 0.06326536677802075 0.1085873679004004 0 0.05631859314557364 0.0205340176834059 0.2367160668851234 0 0
0.03263823060807303 0 0.4176364675542488 0.08968142912148225 0 0 0 0.06362530380573639 0 0
0 0.1012441370140502 0 0.2031116767345236 0 0 0 0.03364872605612157 0 0
0 0 0.1106631007505039 0.001026421675053735 0.007612922562420188 0 0.0001631872714749072 0 0 0
0.2762847081113211 0 0 0 0 0 0.0182788281686963 0 0.07571033805886729 0
0.563944727061825 0 0 0.0009935018467506218 0 0 0.03141356709260412 0 0 0
0 0 0.6377301316151947 0.008850480121364246 0 0 0 0 0 0
0 0 0.2098029886535471 0.02089286232699683 0 0 0.0312435955212611 0.01186240996875609 0.1275737286149703 0
0 0 0.2291425499792461 0.07972103238291384 0 0.0009551322770808834 0.0009063420781862952 0.01264890094081395 0.05642217139992489 0
0 0 0.1960198822498942 0.06588088626908162 0 0.1107794203940682 0.03201750146330928 0.008919124644367171 0.1990944696773633 0
0.03060646154777991 0 0.2309442468343386 0.09557434865901615 0.008614150536149889 0.006874971550293818 0 0.08100148109197547 0.1721076179534244 0
0.08793566914520423 0 0.2763646514727844 0.0676026676016861 0.003311056926368794 0 0.09987996964587254 0 0 0
0.137411381482534 0 0 0.02239919945795399 0 0 0.04849378419902983 0 0.3431033805261845 0
0 0.0004374767308059635 0.1385906655372633 0.1837641000188763 0 0 0 0.1280723780594173 0 0
0.0005472523778780047 0.08248531231187406 0 0.1391973541830611 0 0 0 0.4768553532832522 0 0
0 0 0 0.06869026134185319 0 0.007100287514137937 0 0 0.5087398245818584 0
0 0 0.009869237307263301 0.2376073473802729 0 0 0 0 0.006572798978524252 0
0 0 0.09679565004526047 0.163277610964762 0.05150147565009977 0.03339352159914744 0.00549760597335025 0 0 0
0 0.06619678357869874 0 0.6913781343827961 0.01903792883481792 0 0.0115273107595848 0.009314298312015357 0.0116063231083523 0
0.1881954971189206 0 0 0 7.474187658296216e-05 0.0174338203099933 0.1478237056879761 0 0 0
0.2053372999745862 0 0.02675610342414791 0 0 0.1154402013396574 0.09928726996322057 0.03206856927613178 0.02386963918448681 0
0.09725300627062916 0 0 0 0.1675227747120371 0.03788818143862405 0.6911568599790929 0 0 0
0 0 0.3395587636318964 0 0.03001475770302187 0.09420391221932967 0 0.02656049903793911 0 0
0.05191555437210837 0.0246807760571659 0.3484379632302075 0.02349097630650809 0 0.02521915385744666 0.02003133741786511 0 0.02650896157284266 0
0 0 0.01746040528149351 0.05284349146148326 0 0.1158726713489344 0 0 0.3952357506868684 2.220446049250313e-16
0 0 0.06645233988877908 0 0.002074771178257384 0.2513739765904281 0 0 0 2.220446049250313e-16
0.08049395540498994 0.2029118175954361 0.003260961906166759 0.03658405652193664 0 0 0.6178826608682879 0.04759235811991736 0.01870614440549878 0
0 0.01990875938119085 0.01365798689779885 0.1732248300480277 0 0 0.1215038998677596 0.008079027062688482 0 0
0 0.01699866411775375 0.01608757244715098 0.2295521779142846 0 0 0.1222684703468859 0.04580490327713416 0 0
0.0001897236222725418 0 0.04902613455935478 0.08807893121317623 0 0 0.02284178824898198 0.09183998216375655 0.05585276472932788 0
0.01443819110854117 0 0.01766188968611915 0.2140526932084157 0 0 0.01797026280268477 0.05746753298966412 0.01606293264647296 0
0 0.1223327891577166 0.5511068846827805 0 0 0 0 0 0 0
0.2246972180832858 0 0.1345474589499545 0.0006261000692511232 0.08269477472708386 0.2024307960605425 0.03498914508675366 0.1563710212382829 0.1945121309762405 4.440892098500626e-16
0 0 0.2422494394369139 0.1145279284013567 0 0 0 0 0 0
0 0 0.04545054328147136 0.1843350019942489 0 0.004679265038238567 0.1520961129289533 0 0.03471681822723305 0
0.02064792500329293 0 0.1398815881000977 0.06825424513459644 0.007714114448303722 0.02690430090901952 0 0.1524876804859419 0.2294513822354907 0
0 0 0 0.5688701128655749 0.03486564018211968 0 0 0 0 0
0 0 0 0.175687480622257 0.2728865428669287 0.06959365951220797 0 0.1144181724616335 0 0
0 0 0 0.5403678855437417 0 0 0 0 0 0
0 0.9220376865791102 0 0 0 0 0 0 0 0
0 0.922037685385911 0 0 0 0 0 0 0 0
0 0.9220376838528566 0 0 0 0 0 0 0 0
0 0.6067559013692299 0 0.2922025702879014 0 0 0 0.3708805758654221 0 0
0.03547150962477041 0.8296841613549352 0 0 0 0.012260265541292 0.06786443118801655 0 0 0
0 0.8670607847304607 0 0 0 0 0 0 0 0
0 0.8670608561647198 0 0 0 0 0 0 0 0
0.1228267252992252 0.01354543756410265 0.01424768655558228 0 0 0 0.1092356715033556 0.02398067403606552 0.3048768357625482 0
0.2343251486292308 0.06144280194663776 0.002672540092400588 0.02178717934518137 0 0 0.03836804989423537 0.3402229047766976 0.02665166894434101 0
0.1393902724385132 0 0 0 0.1679462019942273 0.02508597592806816 0 0 0.1311842196570407 0
0.1544358325974191 0 0 0 0.7084176799621236 0 0.2350544843616669 0 0 0
0.1342210534213355 0 0.01831946000072637 0.006355941289159839 0.06900925694276383 0.03423957334695626 0.005507296143469009 0.03765943027152474 0.07541622464983799 0
0 0.10646189018007 0 0.1974733512041014 0 0 0 0.03624015978043604 0 0
0.04183631190090109 0.1239267729279658 0.02008207813170459 0 0 0 0.01714782687901817 0.08856828836057296 0.1012662916491129 0
0.1016482408772852 0.1209197076214128 0 0 0 0.0002312268622857161 0.008675673452274602 0.07733929174686716 0.04807648607752224 0
0.04114874907570631 0.1153461636492037 0.0419434079696992 0.01030550401811348 0 0 0 0.3775373207194974 0.1436652255236068 0
0.1154166529548977 0.3469675683734872 0.01870766854478489 0 0 0.02198311481230419 0.08036726788116866 0.04592745131705378 0.00755573350390093 0
0.09441643570996328 0.1370286793143642 0 0 0 0.009776421982147454 0 0.08375294964745805 0.02749628162306905 0
0.0893095682706091 0.3541979874311845 0.02562084360946026 0 0 0.04267750765770373 0.104502664595167 0 0 0
0.3357125490341257 0 0.05836397281791861 0.03623374777255761 0.003084827326302886 0.03766847250600169 0.02048371688960771 0 0.008935964945797403 0
0.4218681354768457 0.0140827333213589 0.05194083525150028 0.03444672585438835 0 0 0.01124552757323594 0 0 0
0 0 0 0.03090063878281946 0.2965724607553464 0 0 0.1303298824630117 0 0
0 0 0 0.03306687544294018 0.3150701280010102 0 0 0.1393395716951256 0 0
0 0 0 0.05198315002219611 0.2257904323052602 0.02362359857129959 0 0.4325434146329286 0 0
0 0 0 0.03309144654337293 0.3150791956333598 0 0 0.1393072108836491 0 0
0 0 0 0.01898062245165488 0.7996597855859506 0 0 0.05288949969181655 0 0
0.1557429957365954 0 0.08482194582587077 0 0 0 0.1299349118838065 0 0.06691683286666517 0
0 0 0.490550380115379 0 0 0.05295350476698157 0.01108213050219664 0 0.01111236133389859 0
0.1001512477962707 0.001265926054975441 0.0279083471301429 0.01192975226590431 0.3022157869131579 0 0.3868163024474653 0.004479347316914906 0 0
0.4568910511958826 0.01440378285258759 0.0363929033761019 0.02684411167782264 0.004243049125668197 0 0.07549004069078902 0.05253445978839055 0.08620674110723781 0
0.140770291534607 0.3563793381432723 0 0 0 0.0180460637554356 0.1091004796909005 0 0 0
0.05661465642967811 0.3696307070371982 0 0 0 0.1505818728366548 0.1102780740774298 0 0 2.220446049250313e-16
0 0 0.136229927944914 0.06034491481724791 0.007242105881723138 0.0707950299952762 0.006496006640345442 0.008850819705726209 0.005116758350226291 0
0 0 0.00641990049806429 0 0.02899044427640662 0 0.2360284914062869 0.02988585017408751 0 0
0.004581772609836499 0 0.1760455905276073 0 0 0 0.0009880935480366393 0 0 0
0.04032291782958253 0 0.3052539231949931 0 0 0.01782865011163826 0.0004982917728744152 0 0 0
0.08594791843453931 0.01976535606786478 0.1662990928328363 0 0.1407603952352081 0.006309550752565674 0 0 0 0
0 0 0 0 0.8025778761677047 0 0 0 0 0
0.1923478217299335 0 0.1694945158784293 0.07454849974076816 0 0.05617151946011267 0 0.03211900284179614 0 0
0.156774926389192 0.05024089116477537 0.1251183422219189 0 0 0.1149236887071143 0 0.001252981054693736 0 0
0.01922252995005236 0.05406234845308933 0.05042689641486864 0 0 0.01716336847618627 0.03916092551855055 0.08955740449842109 0.04626701443946346 0
0.4614488732830833 0 0.06247625304475912 0 0.02118502909036923 0 0.1599972207914446 0.02681411619265206 0.007573149948846503 0
0.1961958527345433 0 0 0 0 0.241534791758478 0 0.02257451637405605 0 0
0.2192318423282631 0 0.158009768655573 0.04358630309217171 0 0.01454678289304701 0 0.09030559337905175 0 0
0.246151978985494 0 0 0 0.05632220565563673 0 0.2510835122991644 0 0.209525556311813 0
0.04693279908743064 0 0.5238320033168911 0.02758193848009083 0 0 0 0 0 0
0.02496482087302687 0.07203651325854765 0 0.04882521134671292 0 0.05510334241535642 0.02393306943560858 0.7804320080515827 0 4.440892098500626e-16
0.02322281285502537 0 0.08177363579038732 0.004936200137662938 0 0 0.03879684829260821 0.04563187544871505 0.1504359388929732 0
0 0.6188624472625692 0.01186932682260555 0.04806593759295397 0.006245734213825127 0.02200884917990931 0 0.01060633629034591 0 0
0.02777127932854517 0.4586648843508505 0.3348345125999268 0 0 0 0.04597587154379013 0 0 0
0.05987462269479105 0 0.2092842972667488 0 0.01836310035511257 0.1721663124027908 0 0.1143809205597159 0 0
0.02732849648209545 0 0.01275889312536238 0.02019169232631013 0 0.1507227660325914 0.01393173483198118 0.4702416880465687 0 2.220446049250313e-16
0.1130894520776864 0 0 0 0.001222747621992148 0.3682327025686705 0 0.05438689695796217 0 0
0.0516344104783375 0 0 0 0 0.289752840762481 0 0.2348069277446168 0.01702423878538672 4.440892098500626e-16
0 0 0.08315964599837167 0 0.1732565461781836 0 0 0.02607877890790533 0.2830990324296352 0
0 0 0.008597505260369731 0.02207919541344427 0.1050895247323718 0 0 0.05276201956267634 0.5276264973376619 0
0.01121310354798566 0 0.04766018036698361 0 0.7878023974527466 0 0.08445626925905825 0 0.1181490424487195 0
0 0 0.05741869454711535 0 0.1682720198674648 0.002309716000964634 0 0.0791250687968208 0.2486944469674193 0
0 0 0.001957005781797028 0 0.1412371537608461 0.09160049929174297 0 0 0.5518022813803802 0
0.003536078770427054 0 0.0967221969991805 0 0.1462795597920608 0 0.01602721980615884 0.1026427429885937 0.2932795161620998 0
0 0 0.2504514282304409 0 0.01892021366280061 0 0 0 0.08966719526576794 0
0.01863457711502092 0 0.1904839751461636 0 0.007323187907742446 0.004752634925162091 0 0 0.3253418952906517 0
0 0 0.138601338279456 0.08480817092707982 0.02290731172066396 0 0 0.02965513179531976 0.07907078036815895 0
0 0 0 0.01862368521319335 0.8425745717224309 0 0 0 0 0
0 0.0004477034478709285 0.01922773403802625 0.1317510360982432 0.06188233639502094 0.04266809043923003 0.005104959637883155 0 0 0
0.3762098853437428 0.02161492532651588 0.03674430337794221 0.01132061647981253 0 0 0.02343306645549492 0.008453531355602228 0 0
0.01265790548186896 0 0.01568598368307117 0.0307782905902978 0.006546061975205575 0 0 0 0.1096118312068972 0
0.09412403153795923 0 0 0.01484829872964699 0.06930656621058073 0 0 0 0.1567889489899463 0
0.03358022352841017 0 0.1434501775025068 0.008285062174245628 0 0.01795903364654983 0.01857682923620874 0.04998099196290018 0.4038419600807064 0
0.0357271875048637 0.06731153226709607 0.03903411650894939 0.5460372373185978 0.006928307086412566 0.09608066274811256 0.04293023947100738 0.01993669738068915 0.02649632093816701 0
0 0.1107828762392224 0 0.03033372742539675 0 0.1297036323002898 0 0.1517362423181359 0 2.220446049250313e-16
0 0.02784834492617283 0 0.0006279647462026361 0 0.02587713261824831 0 0.03188938259016139 0 0
0 0 0.05725203083829267 0.07708713606396778 0.003200316496677624 0.05775761167252669 0.009909028869579561 0.08715387676118258 0.002448188699868625 0
0 0 0 0 0.05622397114103173 0.08115136280538016 0.03820205273736232 0.3527062974248445 0 4.440892098500626e-16
0 0.06539471915440775 0 0.06439611466873796 0 0 0 0.64991562984712 0 0
0 0.06539395385009383 0 0.06440923551194389 0 0 0 0.6499113665869747 0 0
0 0.1066671267341239 0 0.692276069617908 0 0 0 0 0 0
0 0.1066674118429538 0 0.6922757218824414 0 0 0 0 0 0
0 0.1066676949143877 0 0.6922753744633852 0 0 0 0 0 0
0.08812111137083156 0 0.0581800553219971 0.02573134665101873 0.004336190261682304 0 0.03656401796368325 0.007048221436934954 0.5210698470655721 0
0.05936609099160606 0.01557282909403068 0 0 0 0 0.04354399885469595 0.153898339069374 0.3223281701093508 0
0.05969417362760931 0 0.01365313100290289 0 0.05483398323511501 0.08697689728321123 0.0285833491544174 0.3595127772292965 0.06894146081499364 4.440892098500626e-16
0 0.1172302008235171 0 0.03740198168656228 0.17087808546843 0 0 0.1827726954436137 0 0
0 0.04775138589527872 0 0 0.01926334609954661 0.5615120783951377 0 0 0.05514331602037736 8.881784197001252e-16
0.070178073898431 0 0 0 0.07650930443963677 0.06256648877524595 0 0.01064661116014332 0.3842635483705636 2.220446049250313e-16
0.0296047014809806 0.002812676575530304 0.007077363712490792 0 0 0.1495346806688898 0 0 0.04128945011141782 2.220446049250313e-16
0.07747660850617688 0.1261957854421136 0.01384375707208552 0.05904095804154585 0.0173860651951987 0.2532810680683872 0 0.05479607116507568 0.01258943038203864 2.220446049250313e-16
0 0.01549571626470447 0.001647674100858421 0.04586148114682942 0.06633916408679474 0.2698763874003545 0.0007832762275248317 0.03899022342677538 0 2.220446049250313e-16
0.1561215775796594 0.01192852971391645 0.1895320791193689 0 0.1267899383144471 0.1693668147560727 0 0.08120133583917721 0.06744635070371774 0
0 0.0852932511123714 0 0.03354838743816924 0 0.393919198380797 0 0.06032573038906541 0 6.661338147750939e-16
0 0.004278630469167988 0 0 0 0.03450575946934875 0 0.1158379919703603 0 2.220446049250313e-16
0 0 0 0 0 0.2583109632432863 0 0 0 4.440892098500626e-16
0 0 0 0 0.2389595858886495 0.1882803829507369 0 0 0.4093289410870831 2.220446049250313e-16
0.009205856051281103 0.007656560098996401 0.07104187132747009 0.01043140085417749 0 0 0.1113237847182975 0.03911514333057453 0.3445235276190344 0
0.05437755287434753 0 0.1185771173942141 0.01290841204961524 0 0.09244261032703349 0.009567894562066304 0.3872991519984514 0.01277372440752611 0
0 0 0.1511624837782715 0.1155467261333212 0 0 0.001157045946544644 0 0 0
0.07940653934576414 0 0.1076854120721411 0.02031439595811513 0.02428082469822002 0 0 0.1162140430369865 0.1944791558982137 0
0 0 0.1632720244790615 0.008813093215689349 0.03103122690644011 0.03808629569133348 0 0.1069307669418076 0.1486485347969544 0
0.3139738405710579 0.005441356989117185 0.1922276013885886 0 0 0.08744607231924739 0 0.07004430469928735 0 0
0.2205239330504485 0 0.08075254017653855 0 0.002958153161241928 0.1607809251280634 0.01752508307076539 0.1739336340573845 0.1078990599653489 0
0.0518989294207246 0 0.04821955581061221 0 0.009141927205261302 0.1256223193645516 0 0.1324135932672548 0.01980702625271502 2.220446049250313e-16
0.007185201908686656 0 0.0533254721343932 0.1216514925628551 0 0 0 0.0096311926458581 0.03941903144045367 0
0 0 0 0 0 0.1909268786709908 0.02013510657087481 0.2201582197637697 0 2.220446049250313e-16
0 0.02589391356588155 0 0.00684484191125434 0.001969677754346533 0.3108742992159259 0.03940599719460347 0.1395305388664498 0 4.440892098500626e-16
0 0 0 0.004599420032159962 0.003975458853420877 0.05242997105699598 0.171763576919008 0.1875397519978661 0 2.220446049250313e-16
0 0 0 0.005068563509297741 0 0.121081920473066 0.03052400679339873 0.2280046861170413 0 2.220446049250313e-16
0 0.01605826774375019 0 0.05024358648394456 0 0 0.1764083287723681 0 0.3446138974021324 0
0 0 0 0.02489857689564468 0.005368243057282118 0.1541971880321944 0.1771354047003615 0.4468566905008151 0 2.220446049250313e-16
0 0.01961334014252825 0 0.03264990092022346 0 0 0 0.8084018919035338 0 2.220446049250313e-16
0.03731781070520324 0.1175993047106056 0.4912124073538786 0 0.01492569659104825 0 0 0 0 0
0.184986902935824 0 0.2555673455916267 0 0 0.09358740040360036 0 0.08142136073290729 0 0
0.3780346342624969 0 0.09634015038759025 0 0.05377083222685042 0.03055557293472266 0.1570305034079957 0.06669494203284421 0.004286416556389838 0
0 0 0.1145019851263489 0 0.03443673067755282 0 0 0 0 0
0.002524155118034166 0.000901041810416725 0.1053637003178833 0.00377492106752797 0 0 0.002577118326062999 0 0 0
0.6585596194340171 0.07184078297068042 0 0 0 0 0 0 0 0
0.1988407621721164 0.1199661799677663 0.05329665743363887 0 0 0 0 0 0 0
0.09001944953626673 0 0 0.01826084083976287 0 0 0.2434584686902774 0 0.3149986760992458 0
0.1334358292702604 0 0 0 0.02121710942025734 0 0.08947419028690851 0 0.3548557574705744 0
0 0.06334030147318193 0.01256785011476391 0.1196980348222032 0 0 0 0.247898570005632 0.02768577914094972 0
0 0.06635330820494656 0.02635670357113495 0.09070625544043343 0.0117880152687142 0 0 0.2441715234601962 0.05186269788659903 0
0.004659717465971935 0 0.1178593843555846 0 0.01989435067445977 0.1884426953731029 0.06227635673874521 0 0 0
0.1157589717664262 0 0.128654500145567 0.01391209423635376 0 0 0.02359370141611117 0.01687208415589847 0.1040148877653431 0
0.4017857812259453 0 0.1348893065324264 0.05245380853982429 0 0.1471815604860383 0.03691657275336735 0.0532428432637968 0 2.220446049250313e-16
0 0 0.5320465739109765 0 0 0 0 0 0 0
0 0 0.5050444500766718 0 0 0 0 0 0.09468529055546759 0
0 0.06638179065042871 0.6731050832636356 0 0 0 0 0 0.09235364346300701 0
0 0 0.6666573360585448 0 0 0 0 0 0 0
0.02141804071333731 0.07419312630995956 0 0 0 0 0 0.5368235049232311 0 2.220446049250313e-16
0 0.03430310623129551 0 0 0.03541193757753414 0 0.01083507389444271 0.6125895755347488 0 4.440892098500626e-16
0 0.05257457916580388 0 0.01491763819190206 0.02745665370590866 0.03541937365504766 0.05791533644060309 0.554826107120725 0.005934829310107137 4.440892098500626e-16
0 0.07060036620599663 0 0 0 0 0 0.5148643719600561 0 2.220446049250313e-16
0.01458898901755434 0 0.006258013089594172 0 0.01003853244020414 0.1499116183631151 0.1374092658671464 0.05832334716567211 0 2.220446049250313e-16
0 0.05226472809807903 0.02798103872622737 0.008391238588419503 0 0 0.6778966339477617 0 0.08329077494907677 0
0 0 0.07125041591724157 0.01771797723818391 0 0.1469617550446483 0.1610441108221254 0 0.007194373009531629 0
0.01391446663940532 0 0 0.04200555784611959 0 0 0.01580980609342264 0.5575228485509263 0 0
0.008901996526890832 0.02678587627518314 0 0.03618678363976158 0.02414296657490067 0 0.001553192844692131 0.5188703279168811 0.01338397561250648 0
0.1032455984381948 0 0 0 0.02881252120832034 0.2805606710170874 0 0.1555222272195997 0.1094066727697049 4.440892098500626e-16
0.1032450563289542 0 0 0 0.02881483889915692 0.2805657250831028 0 0.1555156046866457 0.1094056243136781 4.440892098500626e-16
0.06108710072743406 0.1531571856278149 0 0.3438990548473275 0 0.02549359555454611 0.0085124253423976 0.01717765608104527 0.01692429668395334 0
0 0 0.2827522759988434 0 0 0 0 0 0 0
0 0.08612946902641627 0.5258052167151694 0 0.02668005884335445 0.01282751778544933 0 0.01013976089118929 0 0
0.2123559213745019 0 0 0 0.08921443823366171 0 0.2778382341278782 0.08668999673940103 0 0
0.1089677911592035 0 0 0 0.04080331168264872 0 0.8287634375279604 0 0 0
0.1702730335506009 0 0 0 0.1181563813871715 0.1030105074942906 0.3249081568783412 0.008682695944177476 0 0
0.1780961774622802 0 0.007503484660439375 0 0.08147217840513865 0 0.3540825597045927 0.01335446210342961 0.02208284235028213 0
0.4140527416662336 0 0 0 0.2470938065375436 0 0.0870340777090135 0 0.14388199883242 0
0.1302356773030737 0 0 0 0.1348012861782311 0 0 0 0.1201904718843299 0
0.1902719320596935 0 0 0 0.08876679311556845 0.03519381088540574 0 0 0.1275175703278963 0
0 0 0.282751459745628 0 0 0 0 0 0 0
0.08727461699911765 0 0 0 0.5061958272166256 0.009531068259133635 0.2064817900969773 0 0.1033116862294037 0
0 0 0 0 0 0 0.8493700410901763 0 0 0
0 0 0 0 0 0.07066668283065702 0.8302519285487364 0.03804436830809221 0 0
0.2088145050666517 0 0.007227479569134054 0.04099945427814244 0 0.08246999456228465 0.6754976063825451 0.008417287302644016 0.004395647374818124 0
0 0 0 0 0 0.0003847985199383341 0.8829331073446309 0 0 0
0 0 0 0 0 0 0.8698765157656361 0 0 0
0 0 0 0 0 0.0003846930781850055 0.8829331080367326 0 0 0
0.00492299491201531 0 0 0 0 0.02525031575036185 0.08821385198670439 0 0.7251172595292923 0
0.4981231905104213 0 0.00502968676605442 0.005769390240690786 0 0 0.05149119555023773 0 0.2349939533906182 0
0.03510052032210509 0.001461492000209619 0.00725076035442962 0 0.003903351850947923 0.2008832078656115 0 0 0.4135472224192829 0
0.4416840338825849 0.02243640933938895 0.03892555249802587 0 0 0 0.08761333065757859 0 0.0479501466643939 0
0.4757160012937705 0 0.04687200491896792 0 0 0 0 0 0 0
0.4757168772490596 0 0.04687065160287518 0 0 0 0 0 0 0
0 0 0.1120584636688513 0 0.02908648079226395 0.3124932947798553 0.09243196175117974 0 0 2.220446049250313e-16
0 0 0 0.1585314541997929 0 0 0.1156814366599284 0 0.3341799437091544 0
0 3.47433385177176e-05 0 0.01885205645755139 0 0 0.1384985676535335 0 0.3578229891885212 0
0.3514108956340936 0 0.05069970148840919 0.008502250230296493 0 0.09582345029933537 0.070786035949991 0 0.05500864552392737 0
0 0 0.04363169765100583 0 0.003670791422505593 0.1090083857979074 0 0 0.5114649856559452 0
0 0.02574872417857987 0 0.02615301199093989 0 0.2752832627149908 0.1076733012908615 0.002598693947060138 0 4.440892098500626e-16
0.01480608371813719 0 0.07783781266320045 0 0.02611457168537568 0.1778946114093201 0.1267810604908699 0 0 0
0.1534661222986105 0 0.2019405081599297 0.09488721068235728 0 0 0 0 0.1662772991411787 0
0 0.002505761227582504 0 0.002582379735125873 0 0 0.07959842383341886 0.02414307995558351 0.4682290840236032 0
0 0.006873686480310504 0 0.005183370177594959 0 0 0.1737307539167894 0 0.4906698946177672 0
0 0.007922266720149951 0 0.01873586669005256 0 0 0.20292441672488 0 0.4039125929005754 0
0.09729778671914624 0.03461884363178314 0.08143058195183706 0 0.3321506203292113 0.06274119112965759 0.16313754471561 0.07756073381907891 0.02490310581220201 0
0.102720277215171 0 0 0 0.3650556728860543 0 0.2009109136097387 0 0.03429438068123725 0
0.00790123337338744 0.04287448948018446 0 0.05374177484724973 0 0.3413757671252053 0.132183548618422 0.05639895424213037 0.03048810476050767 4.440892098500626e-16
0 0.0466780709004937 0 0.05835760460782624 0 0.01926426181466234 0.2012796945523609 0.05168621612601276 0.2488792084050722 0
0.1652518466411554 0 0 0.135480134661198 0.03021928286229736 0 0 0.05187847136223067 0.1162329301539791 0
0.1735666782991381 0 0 0.05386896490138593 0.06006433300035741 0.0389657886378143 0 0.01020638197887136 0.1634745985377606 0
0.1145991269344295 0 0.03129566145395057 0.003397651151228809 0.02017658898013797 0.1840702263875014 0.001859334996192175 0.02366218571197098 0.03174013435246104 0
0.1272905634157189 0.03826143130496695 0.03283072178522017 0 0.1131177137791237 0.1248426003691046 0.01707742334812479 0.1115256407453276 0.04280775822481275 0
0 0 0 0 0 0.3206724145867836 0 0 0.03981858451014242 4.440892098500626e-16
0.3206430474028663 0 0.2396236925729591 0 0 0 0 0 0 0
0.6845724332403635 0 0 0 0 0 0 0 0 0
0 0.1219422827525072 0.147365002932154 0 0 0 0.1599380641092536 0 0.04133548885249927 0
0 0 0 0 0 0 0 0 0 0.9999999999999993
0 0 0 0 0 0 0 0 0 0.9999999999999993
0 0 0 0 0 0 0 0 0 0.9999999999999993
0 0 0 0 0 0 0 0 0 0.9999999999999993
0 0 0 0 0 0 0 0 0 0.9999999999999993
0 0 0 0 0 0 0 0 0 0.9999999999999993
0 0 0 0 0 0 0 0 0 0.9999999999999993
0.1265648660485823 0.01890727376285661 0.02228748989017482 0 0.01715705246993093 0 0.04794931381918088 0 0.0267836922311997 0
0 0.03214819970055172 0 0.09555123689505307 0 0.2542709640934036 0.005208419505751127 0 0 4.440892098500626e-16
0.008201348862735491 0 0.0752378556549631 0.188968076303373 0 0.07720039222489783 0 0 0.02519575454395206 0
0 0 0 0.0927473517211892 0.01268348452800905 0.249615799074036 0.008396782108146317 0.00523221785152761 0 2.220446049250313e-16
0.01950159604858404 0 0.09137161362716983 0.194556196158058 0 0.004040153574925043 0 0 0.0460415693449534 0
0.1180090879413573 0 0 0 0 0.1626217030530559 0 0.0396568724829669 0.0558260538930313 0
0.1669833570529873 0 0 0 0 0.2927322976675115 0 0 0 0
0.004878850368500443 0 0.4713376958171476 0 0.09234527634629219 0 0 0 0 0
0 0 0 0 0.8714426152825474 0.02664694106351972 0.02122022317529093 0 0.0003291726702712161 2.220446049250313e-16
0.1525184955066345 0.007891219606775079 0.02974786261110163 0 0.4375912983837569 0.1146176373957359 0.1173381768428787 0.01643183179888075 0.01431396750988467 0
0 0 0 0 0.3078479935312806 0.06998659507197735 0.07676991864290295 0.2875012165862294 0.02080480394206097 4.440892098500626e-16
0.2367384160079924 0 0 0 0.2821819937037913 0.06886215883207303 0.05447819413212485 0.05192863235587541 0.07578262887089138 0
0 0 0 0 0.7977728586909418 0 0 0 0 0
0 0 0.08623095566682015 0 0.1711320014562325 0 0 0 0 0
0.1290727568667596 0 0 0 0.03520803856794608 0 0 0.05396592063769168 0.3233160140324176 0
0.03073828989193705 0.02591813857907432 0 0 0.05788845936587839 0.006602439905711854 0 0.1454999623383166 0.2695741358399424 0
0 0.1116501565498433 0.5174193757706071 0 0.04289898574403561 0 0 0 0 0
0 0.1365971884977246 0.5122401539471151 0 0 0 0 0 0 0
0.01196058849809889 0 0.2650954264964194 0 0.04171183415495028 0.1101288202637885 0.01041819310622838 0.07890760730680135 0 0
0 0 0.2776027326380224 0 0 0 0 0 0.06662661662198643 0
0.06238443292877127 0 0.1073696815594827 0 0 0.01915075390000109 0.02873406329315897 0.01188814838357288 0.06732579027238295 0
0.1356651144077745 0 0.02663959824833717 0 0 0.1465123529632049 0 0 0 0
0.07710785686135635 0.00247403261133794 0.04512320094519828 0 0 0.1479978416347194 0 0 0 0
0.1714594783336212 0 0 0.005080011370150128 0 0.01313117064850688 0.1569346475195663 0 0.076063994004409 0
0 0.008090138068951092 0 0 0.7974480319689177 0 0 0 0 0
0 0.0006772379191617439 0.02673540199510116 0.04434338131693649 0 0 0 0.09006722716608206 0.03941914924073453 0
0.02894274002500641 0.1541650240972932 0 0.04127877286955695 0.05845725372150556 0.07136029516420783 0 0.1198269866640205 0.03427841954526079 0
0 0 0 0 0 0.463387685886411 0 0 0.02242319449700436 6.661338147750939e-16
0.0482372428421558 0 0.100031708489025 0 0.0229546342605127 0.06174360635432063 0 0.1190157818962232 0.1422660708360495 0
0.08087544181954609 0 0.1600768351715711 0 0 0.08523317356013638 0 0.138127002198283 0.1007902337606208 0
0.04821819719270137 0 0.117757982370605 0 0 0.08552553659528406 0 0.08188385856606128 0.1982994557863877 0
0.2963382602996458 0 0.08645116574996714 0 0.07729598907797741 0.2628233338492352 0.09399992615683628 0 0.1763301815128104 0
0.6009117550612182 0 0.002711402722433531 0 0.1079581075655258 0.00344542436811035 0 0 0 0
0 0 0.01134947743328207 0 0.211556821602173 0.716707143984372 0.04147689532015719 0.108150453451898 0.02682901871618415 1.110223024625157e-15
0 0 0 0 0.01497213323451163 0.2511679946208913 0 0 0.02248757884412744 2.220446049250313e-16
0 0 0 0.0009797869362473399 0.007980249611483581 0.2657721111556777 0 0 0.07780814741275388 2.220446049250313e-16
0.5797722780683727 0 0 0.06865426455958934 0 0.04965696693145438 0.05492499580136312 0 0.06167651020135922 0
0.720102609410846 0 0 0 0 0 0 0 0 0
0.720102592614035 0 0 0 0 0 0 0 0 0
0.005348366513733716 0 0.1185307559998801 0 0.02028633452337281 0.1904757687150396 0.06279776114553881 0 0 0
0 0 0 0 0 0.3125989832937695 0 0.163755053096766 0 4.440892098500626e-16
0.2501072066375181 0 0.1684144317284939 0.004660245160481802 0 0 0 0.01329171404963647 0 0
0.1291941847790468 0 0.2899408633946094 0 0.1390572412128843 0.1037783625729751 0.003871558307303236 0 0 0
0.04569499190837689 0.01986955814313762 0.2799259928263802 0 0.03111831685345345 0.003604817906907698 0 0 0 0
0.06600611917946964 0 0.2719707173850061 0 0.03465607180335573 0.1252211977749431 0 0.08693197127401286 0 0
0 0 0 0 0.00805648449917884 0.1241762612036783 0 0 0.552571116707548 0
0 0 0 0 0.008057062532643933 0.1241731984081509 0 0 0.5525725842519256 0
0 0 0 0 0.004324983238321645 0.2415184517525739 0 0 0.4440166554989613 4.440892098500626e-16
0.1081600004002148 0 0 0 0.03458181406564975 0.0692620171870586 0.02219995193749802 0 0.3173560322156082 0
0.01111143382920976 0 0.01853537699376173 0.09347099172752316 0 0.1615973283552523 0.1925430756675897 0 0.04900109235233074 0
0 0 0 0 0.02588272320880791 0.04506196219986514 0.04624924952242426 0.00798837890861015 0.3952808323495955 0
0 0 0 0 0.06225858613378721 0.2281525717001254 0.07330652821611827 0.03687655655590638 0.09582641074513432 4.440892098500626e-16
0.3430332953458723 0 0.05966831278985718 0 0.03990525833727387 0.05764999630033074 0.04289970236246687 0.03000933475857015 0.03227491650067238 0
0.6119387424485607 0.007813192887926812 0 0 0.008548601967574232 0 0 0.02138840557887889 0 0
0 0 0 0 0 0.5116325505949069 0 0 0 6.661338147750939e-16
0 0 0 0 0 0.5116318286413566 0 0 0 6.661338147750939e-16
0 0 0 0 0 0.4340994512163383 0 0 0 6.661338147750939e-16
0 0.003929354879514735 0.05657913764337796 0 0 0.3833333938019892 0 0 0 2.220446049250313e-16
0.3090728471078428 0.001019971060970404 0.01734494932356845 0 0.02645268484912422 0.04247045157737306 0.06035739453777755 0 0.05690839118512869 0
0 0 0 0 0.04191631155084585 0.4025347842637796 0.08931377972357701 0.02045657545658064 0 4.440892098500626e-16
0 0 0.2349174606564508 0 0 0.2656639657151649 0 0 0 4.440892098500626e-16
0 0 0.07698140694402422 0.006651912075979594 0.02351863671337284 0.1594250424105088 0.03676238065269843 0 0.17068335463297 2.220446049250313e-16
0.2182293367881238 0.0714069843777021 0.01702338922488433 0 0 0 0.01358646827340126 0 0.009683956291226092 0
0 0.0182896273176556 0 0.009697575059331109 0 0.3518274312088296 0 0.1136549844331924 0 4.440892098500626e-16
0 0.001342540648473944 0.01799986595160585 0 0 0.439980569645088 0 0 0.0108951249418392 6.661338147750939e-16
0 0.001521762561471851 0.01810501792444841 0 0 0.4227398986347215 0 0 0 6.661338147750939e-16
0.002274945221075075 0 0.1178546955560105 0.05406395138215725 0 0 0 0 0.4322947197736517 0
0 0.03693339484646607 0 0.04746585137570469 0 0 0.1714692053185838 0 0.2474799761220821 0
0 0 0.1025119722040848 0 0 0.07564743081637904 0.03454588113720192 0 0.2749225957420858 0
0 0 0 0.008689098859270716 0.05714332152811896 0.2934458106846816 0.1088485763957281 0.01162802801569418 0 2.220446049250313e-16
0 0 0 0 0.06115547477056205 0.3674720065249641 0.1476357697615041 0.001393339546122085 0 4.440892098500626e-16
0 0 0 0 0.052813023093782 0.06208656707623361 0.1002700191182766 0.1562720411164862 0.03067801841489426 2.220446049250313e-16
0 0 0 0 0.09130010790702747 0.0614769450369328 0.07335664950213139 0.3677452148879561 0 4.440892098500626e-16
0 0 0 0 0.09129116908871238 0.06145181042762826 0.0733594259308683 0.3677851779982446 0 4.440892098500626e-16
0.05231422440314382 0 0.01288409005667068 0 0.8155918324660272 0 0 0 0 0
0.02656854309742429 0 0 0 0 0.2957920468338049 0.219196052703339 0.06916919451222237 0 2.220446049250313e-16
0 0 0 0.01866791914854593 0.002154989318867262 0.4084884831210496 0.008264828345971864 0 0 4.440892098500626e-16
0 0.1211295150411122 0.08835547875560668 0 0.03510748396886787 0 0.1430944823306031 0 0 0
0.007398084927543458 0 0.1504812559773014 0.1851304358648422 0 0 0.01782562949386035 0.04710532533739054 0 0
0.1448870498997992 0 0 0 0 0.2923013215788048 0 0 0 0
0.1235561245018226 0 0 0 0 0.3558765157413495 0 0 0 0
0.02711936103736856 0.006216278703337741 0 0 0 0.3999799144718901 0.02127137771669463 0 0.006553944946825041 4.440892098500626e-16
0 0 0.08985388532413863 0 0 0.05771306989485425 0.03375391918936055 0 0.188991946957578 0
0.1687751926341019 0 0.03300811310166996 0.0770509431769395 0.002681529155587947 0.2474122704349884 0.07785091667880661 0 0.02002293199821836 0
0.01212454030586341 0 0.1082595254665892 0 0.04438862425653123 0.09310964217678719 0.01830644608317411 0.03325354377129663 0.04327325696761219 0
0.1172350381247811 0 0 0 0 0.298580425324384 0 0 0 0
0.1172310683828179 0 0 0 0 0.2985848011964836 0 0 0 0
0 0 0 0 0 0.389048570248532 0 0 0.01172058593360314 4.440892098500626e-16
