0 0 0.1547551757551158 0
0 0.01821458666163811 0.4736856581567614 0
0.1273511607125022 0.2121437199303162 0.2302940332230785 0.0505650956146555
0.1005032953636573 0.06155350194027798 0.04125818543011639 0.2286206996332361
0.127845140532646 0.07478723086111416 0.09880833577048964 0.08129671773484715
0.1961283750014351 0.03719860464766489 0.1859207255568267 0.1093341771393781
0.528532897280739 0.1114056266939429 0.05006779622345237 0.08880605085293203
0.1019500342574289 0.02160163116925262 0.08571811295818565 0.1812907955235232
0.2074352048549286 0.008508979053250654 0.08396861957715251 0.07323060686334304
0.1578113508457377 0.01842161455390046 0.1011758866212153 0.0682127799782235
0.09271477565412223 0.03963174825684135 0.0002978816516931992 0.2394398918866703
0.1182925009007825 0.1738291657017075 0.08030493006740658 0.2620038672927707
0.5409686422319135 0.03235516872769617 0.05917714499843663 0.1223076756987485
0.01540765644371112 0.01580322456980876 0.07804398423664494 0.2392737309458732
0.0116892589401647 0.06341906327326741 0 0.3968175620765406
0.196292398683146 0.09313355370645238 0.02703675835153851 0.2064825387056939
0 0 0.07497848871583335 0.3531068505022203
0 0 0.1572542999436679 0.3317902150310821
0 0.02549754866332354 0.1496747963550977 0.2319738295224176
0.05238243847105539 0.01354020459502925 0.07768975974341785 0.3076640254345637
0 0 0.08869485033986324 0.1732347844051376
0.03139664928053443 0 0.2226585256332096 0.236826362995018
0 0.05705606563705201 0.1552342508791955 0.1352193653165035
0.09408386173365968 0.09208336753326396 0.06820470565056103 0.1365438303195081
0.09904654474237495 0.03076988172548623 0.02290621279078509 0.1844187755890487
0.03307827129391883 0.08737795092395428 0.0786679573559379 0.1300627583978562
0.04469707182397986 0.09685967065289991 0.007491800286091088 0.2404765396742334
0.06338143987126243 0.097482824443619 0.1427505828134501 0.06162144358080757
0.06364252943634252 0.1003801096751116 0.2541207826921164 0.113289097298622
0 0.119960030712309 0.164329286983816 0
0.0087023708515368 0.08905946632601069 0.1038395984488059 0
0 0.2078496808339458 0.0694102729626227 0.05246768217469167
0.04340336555063473 0.1480849187143041 0.110737242435325 0.007631319424523664
0.008702000360540252 0.08905709341311407 0.1038423136539339 0
0 0.04801945751670389 0.02155200095927223 0.2440069463564094
0.04543018524520326 0.09745399606223759 0.03125145901137705 0.4642032178504392
0 0 0.2007348064795027 0.1578312804190667
0.02595096757443849 0.05562895391550993 0 0.2134616188773688
0.01287489426181176 0.1224918828668702 0.1790121836814056 0
0.01080680314509563 0.4780869774271261 0.08727084221966153 0.1303692486189674
0 0.2120543323671518 0.06973409609599579 0
0.05537842020526251 0.07963762262895679 0.1454387530934547 0.1915582672300367
0.1809099769561939 0.1213285494214345 0.2072429946217538 0.06929320978168851
0.07327969537169143 0.04804540565302573 0.1395493604685789 0.1751212395418673
0.07062504145683568 0.09208461519217592 0.08530457578811768 0.1041832105863032
0.04440684424092556 0.1746303884015408 0.2023364841616522 0.05951217454438518
0.04015864165779215 0.2776361065357402 0.1294006062261142 0.2762493597487012
0.1546190646274275 0.1500887570544645 0.08689548056455343 0.01426511380626083
0.01663783414206854 0.2363550873618825 0.1224336646149027 0.005604767373229569
0.04625421937058638 0.08465285827299573 0.09429994979506384 0.01773570546873593
0.0241518600786288 0.1368612511736409 0.1600120375659417 0
0.09751184127994295 0.09070065660758209 0.1596084614556672 0
0 0 0.09410693958079563 0.1954093346799459
0.04062659266961988 0.06683276371403579 0.006447217718206444 0.5166416505707472
0 0 0.0382359982851892 0.2266197519293405
0 0 0.3822288372291216 0.120985331346054
0.1822975532615061 0.1872180165675628 0.06131888336891089 0.08224244555757343
0.1459855009127262 0.1026476710183735 0.05381307457209883 0.1256147673277397
0.1053871882705295 0.0890756437757827 0.1951015996922936 0.2247472401561734
0.07396488658536571 0.3103860087789654 0 0.03005330227552827
0.1095539613622047 0.1564785807802218 0.05708382113149457 0.03819346002693069
0.06060322319011435 0.1247712343310705 0.1427913254684521 0.2139736681160236
0.1453931912881097 0.1757399350750877 0.1439241677528804 0.08168908321029011
0 0.08613081440408066 0.05636278808215667 0.4037049737021114
0 0.1876312476063153 0.01962490193922917 0.255108540136334
0.07193526976330489 0.3923829507306755 0.02437635875361965 0.1319497393548634
0.05268385005975396 0.137656094427131 0.05691967990018254 0.1874130347602121
0.1720962452942161 0.1427202409252761 0.05861105461889471 0.2150840188516143
0.05465598562014296 0.08578493054106739 0.09515278020194606 0.342210270023237
0.02033529336404261 0.07667877000194934 0.1818210897511487 0.3038791643706047
0.009843081389327102 0.01527526433824855 0.1313695033997064 0.2413539664317126
0.01720861129389095 0.2072440167957368 0.1940664509563743 0.1247431055935539
0 0.02344236085029006 0.1406525823492324 0.293792828585556
0.07634559713544853 0.09904653354367943 0.2564709029100314 0.2938862421773594
0.1294675473240536 0.03645615839095528 0.07550388445941492 0
0.04671133791801019 0.05283687196782272 0.05799642425395501 1.81371965064514e-05
0.005736416731171978 0.2557564558236352 0.009712487198889175 0.02023205264228123
0 0 0.02737083612284841 0.1930758276525952
0 0 0 0.2498113871683203
0 0.06137743493540149 0.2791348985790951 0
0.01395375650023678 0.1620119021699569 0.08593108935814175 0
0 0.06486577874147414 0.1875149214042531 0
0 0.1668790325902667 0.1389739159427499 0
0.03987473435271172 0.02365364016886851 0.1626843953195749 0.1278091739352119
0.353518380563681 0 0 0.2224738524165424
0.08794425425197083 0.09057616614532749 0.1026612917901968 0.02100784051839688
0.02648925434482474 0.1145125102224682 0.05812437394668124 0.0215405228420178
0 0.06977417168801048 0.06733502813868708 0.2597470127297996
0.002932164286365557 0.1092384757739759 0.01171583856183722 0.08334373561182118
0.3783884897976215 0.0330519127960478 0.08048221943420963 0.01885368112280994
0.08275249907610127 0.1241032203460612 0.1619248238228499 0.08812148716522095
0.1233176859087557 0.03170492605809838 0.1844474779640164 0.05880465352475905
0.2219560437331034 0.1541158767171884 0.2923902699320158 0
0.04412936869400763 0 0.3470647953312707 0
0.1615953528665073 0.07852126610213395 0.2868187519212542 0.1173181657018421
0.1060189644225955 0.003054756591689634 0.1603067045834929 0.08719514250467864
0.7734606311056886 0 0 0
0.1358075248681352 0.190948631388475 0.1661744773302753 0.002469144879020391
0 0.008945892300382008 0.001790637770498815 0.406465680002005
0.05324030168815286 0.1238377119951828 0.1068912512421727 0.02509803664763144
0.0268660521397075 0 0.456542356970699 0.156696207279841
0.07171004357321187 0.1779922219155514 0.1007068154238333 0.06307235088477747
0.02375623341594557 0.01329584177223353 0 0.1441995479723868
0 0.06152800507639422 0 0.1808971097680683
0.01345580589235706 0.0446155210639414 0 0.1496489237420191
0.06912142105465402 0.0651793765079125 0 0.1097756324349284
0.03181291239026773 0.3295044402779514 0.09453229032345667 0.06393314378940373
0.03141598698101289 0.1816926367176539 0.1373750098580877 0.01518812738566044
0 0 0.5444302723500876 0.02016330221792284
0.0221913767542139 0.2555238992230935 0.1281052366515674 0.04937300328139482
0.06485318557096464 0 0.09676288608007244 0.007975409249596499
0.06569200861213598 0.01002117644371747 0.06116046394234953 0.0135603167230649
0.1889199715915635 0.06632511676779207 0.1428421644711546 0.1614710575941936
0.05628780179765891 0.06329658522940296 0.2303372944188906 0
0.005163370559176261 0.002426555311816347 0.1150430417531079 0.0134391721048972
0.006676466983694063 0.265459058200096 0.02477564553920697 0.1758885811664905
0.4441418862439115 0.2064906893359333 0.1005084890735344 0.03310030888008542
0.1241753943272377 0.06631949871200704 0.380076760910909 0.06141639862029291
0.012795802093722 0.1495839776805457 0.1688703564189866 0.02560570905418036
0.1387905056313115 0 0.174061767976452 0.2402572249282542
0.02293107239034708 0.04179903754774572 0.09148602444165532 0.1436112322251528
0.01874018389759402 0.05598613237747752 0.0002942556362346416 0.1293391820278027
0 0 0.1080291905187467 0.4422942479907732
0 0.05310864639820601 0 0.4338411003122589
0 0 0 0.4696535497114518
0 0.0259920510737901 0 0.2698338229460793
0.08586152942084602 0.0834152668418453 0.03697477185474085 0.3624740853252229
0.2355442343640179 0.06698252361972012 0.08779240500993457 0.05636249173354213
0.4459610399514902 0 0.09038829155553274 0.01313043842978789
0.2870296836825537 0.01628820466105285 0.1073126199938719 0.009615573888993811
0.1668685744096925 0.1439378369087736 0.06035625902949637 0.1055552833567399
0.2475370321582711 0.01333987218170818 0.1386236741481277 0.02887947997751739
0.1711166000717299 0.05886647998471051 0.2040264207102893 0.1062942700514253
0.0908321340048166 0.06217830628220633 0.04062451776420772 0.01047126591373715
0.09060801096596571 0.1935386662538958 0.01201695795698399 0.03819866473319622
0.1311700425557683 0.07613394999007594 0.01692472896426112 0
0.06606479855911496 0.2014757377356784 0.1056889991943604 0
0.01115123408434338 0.1134445328852565 0 0.2959321906779953
0 0.4443015486869066 0 0.1581645552814499
0 0.01054963615783944 0.1306574711060198 0.04114811067232038
0 0 0.3191692194851008 0
0.0004824644850460746 0 0.1239344661057877 0.1494276122194131
0 0.2310451491906307 0.06900768584406958 0.06175586810329836
0.001129388584422353 0.06794141800758835 0 0.6026151017076793
0 0.1101057798079546 0 0.1036833716474934
0 0 0.3880676965661409 0.0699676104776068
0 0 0.4869513137741988 0.0487310742722995
0 0 0.4102803277632658 0.0387500489254522
0 0 0.4344256393078609 0.05599239232605324
0.0001346810104803087 0.100864381192584 0.410546888092693 0.0260652911355328
0 0 0.4100514373214303 0.06117346460534856
0 0 0.333147301182364 0.07767283977371053
0 0.06094706285207119 0.03934855967231665 0
0 0 0.2112131317576678 0
0 0.04031064485431424 0.2248597728114514 0.02037425188201847
0 0 0.2668793072029918 0.005816410414802853
0.003826124164221234 0 0.07356760317090338 0.00644133775371869
0.1237417433552379 0.1097810595749906 0.07393931952303068 0.04338967989919129
0.01371788338997293 0.2571644758165661 0.03719355207210739 0
0.02977366323445096 0.08191350462503721 0.1376463589687873 0
0 0.1176668686833831 0.02622693914159391 0.05258623732311318
0 0.5159430958609894 0.04939895341097644 0
0.01791831187035009 0.1409889202433774 0.01237476185610786 0.03266138937135432
0.03222928978091866 0.1336255092861922 0.008304668094657242 0
0 0.3012567515438886 0 0.02661659942075056
0 0.1756374491743415 0.01963553062566259 0.09039774263199796
0 0.1550008700235816 0 0.04414486503396153
0 0.03836913043973222 0.3559215832027856 0
0.01141813010086201 0.04809507457876605 0.08302442791109521 0
0.04411163578267407 0.1999237745213709 0.01838206381079455 0.01171164102271893
0.02903186598096008 0.190470357872774 0 0
0.05917521394989023 0.1052481556348743 0 0.04829240953769998
0.05049462720108755 0.1363298112161704 0.190069339536455 0
0 0.002667103067134802 0.259268001409352 0
0 0 0.3588895861485957 0
0.01927539225476327 0.06118820643017076 0.4588611663404061 0
0.0436411785672266 0.3234127587036209 0.1063620460091976 0.07548488370597228
0.1157613829877937 0.0743428708853715 0.1748974091890767 0
0.07721600838918241 0.06127518743989513 0.1524710097980093 0
0.04802431790212736 0.2130726278127173 0.201401027166638 0.019736410338135
0.163901812391759 0.06230354665163262 0.1318616606930938 0
0.02581544406651926 0.02110024396510313 0.392486098754097 0
0.1426891469314273 0.09360471009292204 0.1587996098379387 0.01253211987340697
0.06442583807318658 0.1939876847672677 0.2162005635258502 0.1573238846815506
0.0130363047599471 0.1056174388065367 0.1634041817372573 0.1199648147580235
0.02145773381137017 0.06441603866553991 0.05881022233178435 0.02953961132893057
0.1734549905804741 0.09783772386733269 0.1184374855055288 0.01645054332586326
0.07118221102157185 0.09337454717786331 0.1316176203485051 0.06940709061252393
0.02407042739356346 0.06209512549540963 0.09623171860612256 0
0 0.1217164312757808 0.02114562791835373 0.1031889748868899
0 0.1599593665972643 0.02309252644398696 0.09283800086577076
0 0.157037205430572 0.1150478751552195 0.116595886864622
0 0.1322034551878721 0.07522342139233551 0.2816364445239381
0 0.1128519404566692 0 0.02917958705627033
0 0.5253164823468082 0.04474683640928023 0.02960721746858197
0.07527964904673534 0.1211602218133472 0.01032407043124173 0.008451716494637607
0 0.1732924915052116 0 0.1382333867532322
0 0.5089835155693829 0 0
0.03884992274113785 0.05733670028578297 0.1081067868306529 0.1909354758304806
0.1561158209715412 0.04014535675441899 0.1481284192340444 0
0.05562400159789416 0.06148164443996706 0.1665666242578114 0.03901770899499857
0.007922289891032275 0 0.05655038327480977 0.1818778466169166
0.04627040879617428 0.01782821301439785 0.03705214928362333 0.08339332846559744
0.1350006641254897 0 0.007997962125908753 0.1000844089378641
0.4068133222616683 0 0 0
0.4184386563016542 0 0.03166312042593189 0
0.4068132764195862 0 0 0
0.4068133126643267 0 0 0
0.4068133488757111 0 0 0
0 0.04591575866795017 0.1061090948434829 0.09033323043921659
0 0.07792127442626851 0.02378578733401682 0.09838823269652397
0 0.01619283523909587 0.07138319359333689 0.1192204972594659
0.07737008057781547 0.006621806055757462 0.06076897136184423 0.05278129897302786
0.1085657289509563 0 0.1140863398168674 0.0918194606602345
0.08088242712326155 0 0.0305068958617023 0.1535762688646163
0 0 0.2368590752339359 0.1761577812632653
0 0 0.128706103646598 0.2104628894708276
0.03140060488385443 0 0.09024915016581492 0.295083598346541
0 0 0.08621849447827734 0.2262064356166107
0.1071207216750427 0 0.02440894199696775 0.3855619258835901
0 0 0.08621731995255111 0.2262070118766291
0 0.08493840531271601 0.01678971489285908 0.1734948777121701
0.1033430683764283 0.2543111360882389 0.08033011184887218 0.1924098123882465
0.1223265877830446 0.2761043283251798 0.1083561661363777 0.1729590199937825
0.0007090357980878981 0.2931767427347614 0.273234953891867 0.05037959440206219
0 0.06792361187124007 0.1257261460124104 0.1345384017381348
0 0.1009860694049527 0.1050053917256846 0.2522879692620823
0 0.007662067223332514 0.1905077005655893 0.1201572692186617
0 0 0.3025577378461684 0.1365610637156391
0 0 0.1524653058033487 0.3272638584546748
0 0 0.1596214944848304 0.2473121538897765
0 0 0.2440314775789347 0.06672152360913608
0 0 0 0.4745733272485828
0 0.03721363644741205 0 0.2648718559245931
0 0.1258942490214694 0.02290374949320673 0.3464300764099026
0.03607306912944286 0.2881764318433016 0.03570366677625825 0.05109507000046176
0.05780265659205019 0.08267603604471763 0.1175321896648047 0.006722616064575693
0.03975653081452069 0.08176439326380747 0.08647144405758067 0.1545176708416658
0 0.1254322195092974 0.02860422072488533 0.05155057047995992
0.04065345544610688 0.05385693612353304 0.1689916237307527 0.1177378337314035
0.02207518755034421 0.1304814568716517 0.02220144526461354 0.06185147175719297
0.001750528726899958 0.03375866696471586 0.05836537821777976 0.2091796161864703
0.08406178481579518 0.02570048929262025 0 0.1981049675138147
0.05012635767715912 0.05210093507155333 0.07971843723736161 0.2068797744142503
0 0.1460545222709513 0.0814880636861941 0.163434686949306
0 0.0260873895587912 0 0.4560910344245062
0.04467835122769181 0.02546498192021796 0.24705166817823 0
0.101886150926088 0.00846216602973815 0.2908057502669232 0.05427120496810178
0 0.02032426332007997 0.1540524913636274 0.1116807838674299
0.01162239677131094 0 0.1305463410606373 0.1605562089536208
0 0.02954956480233184 0.1687893303016423 0.08934830264630733
0 0.2773120769239688 0 0.03129962908037687
0.0288104201780508 0.199878810485032 0.05571661912147374 0.1610455011436256
0.05064052547828513 0.1932502719588476 0.1327524964298361 0.0414731388856513
0.0103073846272137 0.1319621133070192 0.01769582178317042 0.0595161578433403
0.1875394452527095 0.02243740341060763 0 0.3427944044766411
0.07273039805980575 0 0.1165500429211439 0.007985514335923538
0.1020413143908052 0 0.2906337171747739 0
0.1596886273381164 0.04768377061001328 0.1485976546095666 0.01068134019186018
0.1458976520472095 0.00399241146448559 0.1790527607491084 0.02461637152906015
0.1999979145241568 0.09447344290985904 0.1176599990278038 0.04982044489406134
0.1873334462009755 0.03071797481491823 0.1185028597821456 0.0452154803914202
0.5949076850680934 0.009491406605023789 0.008339456320405114 0.02428156792782299
0.1213502465060377 0.1681690847391317 0.03669419645043948 0.06609483799248128
0.03724051250393368 0.2422627998994833 0.1908741279121642 0.03452446912164087
0.01419090740889617 0.04835210100655862 0.01725840667828771 0.04502428592113628
0.01280537140203952 0.1448608768651631 0 0.02877768482257403
0.03495947425009249 0.2021481623427086 0.09969954983854046 0.005370395435560393
0.05400587194059758 0.1188005035260185 0.02045814120980571 0.2179567223581207
0 0 0 0.2538772006516887
0 0 0 0.4174457533200864
0 0 0 0.2058721211079424
0 0 0 0.224364103538736
0 0 0.03515217409250471 0.2754359075380506
0.07586726239703423 0.05201026878705894 0.06728811501957033 0
0.0758671536854767 0.05200963582832707 0.06728879249376285 0
0.003635211402619687 0.02989053929701968 0.1355259468759853 0.03155401322953888
0.03309392626619845 0.04313667259260301 0.1966164223606472 0
0.02920412576925702 0.01592950329646059 0 0.1301327398814169
0.06932781272409505 0.1022414710375337 0.1379198679166325 0.04230092348903347
0.6966915965803884 0.002030480942524671 0 0.02061207109616614
0.157530014267018 0.07163675467861985 0.01402018182734421 0.09231395098172746
0 0.5049090849029707 0 0
0 0.3317106302969046 0 0
0 0.2585614250114441 0 0
0.0230692657370084 0.0452806123492453 0.243854268853529 0
0.03185899387134228 0.02481128550054823 0.2144575603176946 0
0.02250308200834295 0 0 0.1999093591933405
0 0.1132052197416813 0.005222634282533445 0.08318709717044759
0.06739094604311102 0.04233520559103643 0 0.3442661790667156
0.04092477144990481 0.09464293916105371 0.06613182494816372 0.2526200216957184
0.02098110233574912 0.03227671682482414 0.05849747493302582 0.2083715323830881
0 0.08103507464328596 0 0.05154390719312918
0 0.04857862141075731 0.3577789771378315 0
0 0.08705912593597787 0.1484010277322336 0
0 0.2046613526596721 0.1291765903916562 0
0.03486753624327932 0.1451090202618517 0.1267220182014153 0.04017746343591688
0.1051309075699698 0.1082706503860185 0.2334533597789241 0
0.007489146592788209 0.03831753262233795 0.00398204303144567 0.03900991467915471
0.09202759632738911 0.09087680002044674 0.03316187476729748 0.02164454829913454
0.05059101852277181 0.05474177438428907 0.0824111295561194 0
0.1972712172567015 0.00716514071753771 0.1153746176394232 0
0.1640066075249045 0 0.2297519880399237 0.04514666772975162
0.2674189030087972 0 0.1379293507534194 0.00821572768851131
0.1759072682044516 0.02302799356159491 0.1274248949004249 0.03470841563090254
0.1579032458549658 0.1097467052331493 0.04984377510163518 0.01202919314508066
0.09814952600196647 0.104739142409928 0.03693629541975763 0.2594454785606739
0.05576567778898833 0 0 0.4689265460741516
0 0.1108562104805682 0.04256129234907502 0.3860175792195168
0.001077605728765807 0.2729735225210952 0.01711117374999493 0.003078829175005238
0.05069474484270531 0.2030726675274828 0.03831517129217898 0.02627355874870929
0.02317860653301507 0.1007653504567614 0.01745238152576678 0.07084409624651999
0.03895619922947424 0.08871248532637255 0.04772621614009087 0.0751244044153625
0.1309787675128968 0 0.07671578668883838 0.1444163516587056
0.04995193446280766 0.05297853046156598 0.07773177517432384 0.1538451124147804
0.04763480338158299 0.008658393925885077 0.1306644981179579 0.1046512613025312
0.0653215067998647 0.0870523059713002 0.07882964742398557 0.1462634417644089
0.6604551042099236 0 0.005029149652163944 0.03321019886152943
0.2045228696364982 0 0.05100251517348031 0.1121035590450201
0 0.06878372285992018 0.2405396808375586 0.02459416217556742
0.004976481786760356 0.0295238582479922 0.231919456701823 0.01148058592075651
0.05431078112786825 0.09404210128477275 0.1425957800411448 0.05420010155414223
0.008497314670193656 0.01854054861128551 0.1513173180717444 0
0 0.03300016768666336 0.1745190932816068 0
0 0.02679439008813533 0.06382475193775261 0
0 0 0.2797563247241719 0
0 0 0.3028849597043488 0
0.1342532030993941 0.08734875934365394 0.03562632462234738 0.1370458731681468
0.004431853598118263 0.1922595661654984 0.05875132331116251 0.04012919902347312
0.09213297385890851 0.1407513841870298 0.07560701817678672 0.06762610835399929
0.03470499508000646 0.09438121817732981 0.1059194998025075 0
0.06830830114818109 0.1841244026677251 0.007867738681117897 0.03932583561485292
0.1671249046317209 0.1266371022317905 0.1782854593126948 0.09275918636325842
0.07429527482209197 0 0.0008813815829924465 0.01030931792189826
0.02664538319871967 0.05842948238418488 0 0
0.2336429860571974 0.01468370423308296 0.116752530228091 0.08152960463601033
0.1606811992834098 0.03782595396349397 0.07689074675577845 0
0.3489806622708946 0.0215131448032595 0.1521020002709887 0
0.1260022084220564 0.0430055658632873 0.10535965334959 0
0.01413322901052227 0.06174289635564367 0.03857968415067048 0.04672144436136216
0.07397037302213061 0.196502255244519 0.101570711765677 0.006938654205649986
0.01010990296244141 0.08220780220244683 0 0.09319356036709969
0.05607438451590396 0.006083797785022105 0.001238640579599215 0.186418695802222
0 0.4226996340793985 0 0
0 0.4498245171092312 0 0
0.07374807567605313 0.1420483122941207 0.0149811439398202 0.001439084769541132
0 0.2454558895331751 0.06934159461250089 0.1113939380476683
0.1279279857830291 0.1281760094802571 0.2035897548405827 0.1118980005388237
0.07833519938434153 0.08992644777673586 0 0.02778671915842312
0.3834591319303871 0 0 0
0.009860335802570619 0.4012202830979372 0 0
0.001943827785355845 0.202830750655083 0 0
0.008413062112152314 0.3532505093121689 0 0
0.03946833342128664 0.07139169616090868 0.08947488276867466 0
0 0.05432894880712014 0.03841411315346033 0
0.000257657128023947 0.03696579665712862 0.1366998067045444 0.007531426963844234
0.01495374225537405 0.001811991518844369 0.08447652464631239 0.1807101197840402
0 0 0.07932078922667896 0.2157999772826
0.05414551325689487 0 0.1986967493317142 0.1340916100346732
0 0.06612733618387256 0.05455439268929174 0.2965685909286537
0 0.1933957980310312 0.03280892243193834 0.1396951110936693
0 0.01323514537867032 0.122942258748054 0.1418554791777893
0.04436201057424616 0.07825816706148836 0.1293223467803053 0
0.007818738612256571 0.1733505780527937 0.1282626883818661 0.1918180957776758
0.01395046577937276 0.1135684756125763 0.08517259141618427 0.15733199254095
0 0.2852199069019676 0.1442241175473333 0
0.06776130545203762 0.02352623919014296 0.04249908448024153 0.01354218987707978
0 0.3032015267924533 0 0
0 0.1269395441798742 0 0.1017928378472261
0.01034138997515854 0.2124809968119425 0 0.1702307365691005
0.0004301961003410071 0.1503411884242032 0 0.02099573597593341
0.0004303381052166433 0.1503415382297584 0 0.02099566175416334
0 0.4589189277995283 0 0
0 0.4149536846906445 0 0.02540504554160883
0.008834631514372582 0.04501032177136266 0.1260574305712785 0
0.00373320184349657 0.04884231295885577 0.04030389284176872 0
0.06376003479913006 0.09793454966115522 0.1836429402201918 0.003660733638985336
0.08274613364549466 0.07906809231129097 0.08578239030348711 0.09973048603744572
0.005335228284772953 0.06932057863675745 0.0309579333573784 0.06409160104989908
0.0006589115302959581 0.0638107579149132 0.09034371216650805 0.001823923848168763
0.006169920025913767 0.2034350762235471 0.1122036772925539 0.02224213603121261
0 0.2679115051571799 0.1128014649767652 0
0.02632023056626376 0.3118918672823909 0.08350735915411023 0.1875376655899852
0.08812924299900016 0.03721491163455526 0 0.3573848264357087
0.01814829796564088 0.2214589679146304 0 0.1124131252370584
0.1002331793190416 0.05948938238106272 0 0.1712099131145899
0.02620904725113782 0.0835260748191593 0.1050310049930037 0.008494337071524249
0.03825533249783875 0.02666646626593261 0 0.1415638697879855
0 0.5272103829209478 0 0
0.09058502233161381 0.06960304364643966 0.1158955172697766 0
0.02233965367156321 0.05116794886826304 0.1453215861794086 0.01202669351010432
0.04992764058334798 0.09368658042139288 0.1128276236504799 0.005847828368798602
0.01643217313539957 0.09344224383373434 0.01617134702847944 0.08445385763756952
0.6936701082987118 0 0 0
0.07680445971306082 0.01098304068673706 0.01564132676562147 0.3348761254802202
0.02132633561043784 0 0.4618992569900362 0
0 0.2623989161661737 0 0
0.01128423329933836 0.1210083235790942 0.03814151650141695 0
0.01738558568595661 0.1515589390596699 0 0.04377523677691886
0.06659276016565729 0 0.0008562301532528682 0.2746473033271033
0.07449973482097505 0.0616700066987026 0.02886517756809992 0.2234875149720392
0.0004342141621693774 0.007884071113013258 0 0.375658749216933
0.08664458734747482 0 0 0.3541864217262076
0 0 0.136712785457435 0.09037913745688297
0.00578637457144926 0.2202267137451748 0.1081147206422135 0.09043413219981167
0.002137387390079626 0.0929573581361598 0.06954940614822935 0.03482236293870211
0 0.009165463815953734 0.0584640937036971 0.1187429992551485
0 0.09943697758800707 0.04082223900807369 0
0 0.2930627188327284 0 0.118503343828914
0.01096486395288609 0.1102056846043842 0.01635250882108608 0.2753574324723322
0 0.2012438548582849 0.008999428243616769 0.0744092080054124
0 0.3561117629479922 0 0
0 0.3134347418387948 0 0
0 0.001195642399386188 0.3256125993167416 0
0 0.2689480341897126 0.06987537266196697 0
0.02651466670802294 0.01281046453993029 0.08213060628250135 0.1389548893134886
0.05170776138207422 0.03755988839904001 0.1584667465320679 0
0.008947701429543375 0.05669412759081371 0.1859197311616902 0
0 0.37179526582351 0 0
0.1319885580720928 0.1051984248490563 0.1127653750668332 0
0.06585462496392336 0.07074657061315404 0.02092336647649384 0
0 0.08439429313767266 0.1157825258534277 0.176118729573479
0 0.05402179671561291 0.02963025646931783 0.1261922915941585
0 0.1543388977359306 0 0
0 0.1543392902428136 0 0
0 0.3183766304883555 0 0
0.004749427344237223 0.2850717459459275 0 0.1277223302030885
0 0.2748634845489331 0.01627883497671223 0
0.1107093020070824 0.1426657376902458 0.06651263267098328 0.05303017439175717
0.08243383466212628 0.1544765712409786 0.1623064982200946 0.04877553650722155
0.001357899413939601 0.2767522094522441 0 0
0.09201423927782448 0.2432331322087669 0.06205129362352246 0
0 0.1618246520730549 0.04163015880973142 0
0 0.3263387874926258 0 0
0 0.2913569883087481 0 0.08683638005923688
0 0.1158610893448917 0.04157184373436196 0.04119950970634156
0 0.1558440825795468 0.1415576875148206 0.02346164760652503
0 0.02960867809915313 0.05141559339925172 0
0 0.02411077247299431 0.1209936086504306 0
0 0 0.2471942749571989 0.1594604463014699
0.08516738107132049 0.01668645083819009 0.1094646948275553 0.04800157882073997
0.1513503464690005 0.01394353230132883 0.0574991339668347 0.05985422132555906
0.1272130381811636 0.005981603363247379 0.03656455484547405 0.04806291418915554
0.02297868012344484 0.2258112792310758 0.07787147424921703 0
0 0.3277165727671052 0.01196745358498896 0.03552284268153527
0 0.139495199765044 0.1413835423388015 0
0 0.1628682152277467 0.1651621779248096 0.01137392835280404
0.01131856009816423 0.1433308532474822 0.1074636841799914 0
0 0.05816612685632894 0.1237007553367477 0
0 0.04962597338169084 0.06502785191494032 0.04336622421648784
0 0 0.2264920156793322 0
0 0 0.2595502185405814 0.004293200130852215
0 0.04010979570553252 0.1024471759228667 0
0 0.05509762690929088 0.1323651307581082 0
0 0.2909243375227755 0.007666161025851048 0
0 0.07315340897827949 0.08400395417053041 0.1387528448129023
0 0.01500014770975411 0.01621724501047472 0.03994146368669038
0 0 0.01919399677016997 0.2352136342931452
0 0.01841641122035376 0.1193552572076955 0.03857485814663986
0 0.03960482250835429 0.0356646761449424 0.009713340171313867
0.05120832888144689 0.1053585886766608 0.01796999467664895 0
0.06187661501521813 0.1089201129248676 0.02346553555979947 0.03099065836454074
0.05120820050600816 0.1053560650083842 0.01797289565574545 0
0.04856586751059822 0.08824064245108865 0.0300066378729269 0
0.121439185782183 0.06431349047041657 0 0.007921885566470444
0 0 0.2984283338615634 0
0.001012754775168156 0.01157848397072758 0.0102527951625071 0.1302068185734313
0.01438686386436672 0.001883001385940331 0.04747360714564119 0.07849927277160318
0 0.1202959361992373 0.1703621710193091 0.0613701380184406
0.02579999341254169 0.1145912922345971 0.04224241751592528 0
0.0056260370730703 0.03048202328348459 0 0.1355653346405594
0.02078218582787605 0.07636445158307081 0.09139422979379597 0.04417228108776117
0.06492393929246609 0.1198479374745391 0.02634608892907653 0.09631263735872109
0.09754150187714949 0 0 0.1521184834975877
0.03269721825233285 0.03809285178650179 0.04724302159426763 0.08811375556098211
0.01603520025434957 0.004521315400706438 0.02029687013799464 0.2809586176734602
0.007084192639739806 0.0717157600116074 0.176432993150792 0
0.02494094122673762 0 0.05876119519094702 0.0573713322358278
0.009251870217896974 0.0809378272396617 0.05620070671373445 0
0.01382914068455454 0 0.1850172250956819 0.0008670794667042792
0.02070618524218948 0.04876090194015115 0.0623563117978756 0.004003607870459724
0 0.08952677625868599 0.0344354935776956 0.002529111641784709
0 0.1394657570577624 0.002848944674767484 0
0 0.01942735038443422 0 0.3184790954121328
0 0 0.02504048418282134 0.2273392632719349
0 0.01224228821821471 0.1969293944472603 0.04426056934940092
0.02009659164094968 0.05467472421474362 0.1467910348283135 0.02674911059354246
0.02014028535055368 0.06790044023816311 0.0907100285716802 0.05951077109007485
0.0218035843375417 0.01176522999559104 0.1542455065380306 0.04286578484378145
0 0.04434864407288375 0 0.23555648004144
0 0.04434867363369865 0 0.2355564704027058
0.001008121649160421 0.01326949921587262 0.1441673016598051 0.09127110422064422
0.06465535293377189 0.02704351602846033 0.004881586282400319 0.02447585967152199
0.03400634311885797 0.146245643181409 0.1466548702337489 0.1488058789682152
0.07215653481390927 0.1612816915751865 0.003179193190682161 0.05277708669312475
0.01298861402248175 0.06242315884558636 0.05513847812817718 0
0.01298862820338842 0.06242318521601575 0.05513848899794538 0
0.07878213550732749 0 0.0637920113447723 0.1438405337854554
0 0.01691854427930739 0.05520117692543791 0.1882813473097436
0 0 0.04740896811153772 0.05676804020461534
0.1165668178080843 0.1011742795262727 0.01194112671317238 0.0008019591091554812
0.02854581024144887 0.005597767379164287 0.05841691194791676 0.08516142355040057
0 0.07133756270860947 0.0304092690883615 0.2642758066201909
0 0.05166394797686169 0.1440217230269296 0.03874420151313585
0 0.0601613823686451 0.1586785600167397 0.05085131884449856
0 0 0 0.3962236437655824
0.04277914412916717 0.2225740663615738 0.06699842091431329 0.08780771434305823
0 0.04426566930985731 0.007672533096706458 0.01606501569564522
0 0.02200493081922339 0.3466433821453072 0
0 0.03210677265242001 0.2022135495154584 0
0.005889132624555815 0.03849202307164434 0.2135511143572946 0
0 0 0.195650770367471 0
0.005076210970749839 0.07045617617614508 0.08797594803063591 0.05292316306104272
0.019564710098396 0.1885687356180195 0.01323396205603422 0.01933583293531171
0.0941430284056306 0 0 0.3589801737099361
0 0.281308395345593 0 0
0.02022197775177292 0.00438386289041226 0.2044677694508281 0
0.3945079751741378 0 0 0
0.07246687933835783 0.0003672148099576056 0.03580703291512144 0.0737395684559341
0.3390584099975338 0 0 0.03071650924670788
0.05193512976534831 0 0.05937387341572764 0.01348945312321326
0.008185799983323694 0.2372123786193843 0.0213860961330179 0
0 0.2278761056668521 0.07379861353984918 0
0 0.2140734210716544 0 0.08634245596038803
0.04787193647215005 0.1996398860016722 0 0.1308783707021204
0 0.2106875449218766 0.02271367966570903 0.02286957630600139
0 0 0.1368051991479637 0.008034751837156628
0.06513586080794975 0 0.2427026471565339 0
0 0.0005631173211690932 0.01617426964343216 0.06410049138497831
0 0.2683808429697143 0 0
0.02046640762538443 0.1753816830070236 0.01715610272321033 0
0.4127981267112637 0 0 0
0 0.0189132495542903 0.1347359145716776 0.08213990154612927
0.7562843448390968 0 0 0
0.7562842869521735 0 0 0
0.4411401444917047 0 0.01004702469148966 0
0 0.07392285948732091 0.03140798914990484 0.003521533046524139
0.06720866728436881 0.09884879054754281 0.05348869275133072 0.06792199512229957
0.09206599096131063 0.03721871508810559 0.000925848377168581 0.1883673049084211
0.2160659827870541 0 0.02321483076429054 0.08359185526957269
0 0.1271654467766821 0.09492146982079852 0.0666446445275215
0.01055139510391379 0.0868796312999065 0.1759607141764972 0.04822913732830947
0 0 0.1735387629157075 0.04963928269658169
0.1381100507351265 0.07032829473659463 0 0
0.0424961582862271 0.08254388336432017 0.08054941041762564 0.005079545929441043
0 0.1379200941885521 0.04769389571227989 0
0.0184544370589832 0.07566979765494275 0.02782802034376775 0
0.001539400036659977 0.07887367477485552 0.01014163447953842 0
0.2246910643129723 0.04319083407913582 0.08019595320838091 0
0 0.167554578116863 0.05341421166790217 0.02393336044564842
0 0.2779590402446241 0.02480064426060702 0.003774047021581461
0 0.1323979493346161 0.1150372709473098 0
0 0 0.2698816816947234 0.02094162234686836
0.01773481189142956 0.05166100892275161 0.04990443942894185 0.1456793971210881
0.07093351759786226 0.102218154599391 0.08182543541075016 0.04126360903923176
0 0.04635439870058522 0.00956565041485935 0.1053973714616709
0.05161911861174517 0.03090532796643775 0.09128578772043783 0
0 0 0.0151020402355575 0.1832434605401909
0 0.0391689954721719 0.02982299377633302 0.1917241054616334
0 0 0.220251515648507 0
0.01944507602028067 0.2123122415665819 0.02052378530923082 0.1245000113186259
0 0.2260244297243037 0.01235089212674012 0
0 0 0.3157225099993 0
0.6712606764479274 0.02085210345758526 0 0
0.03414133727697677 0.1775226816056739 0 0
0.01700358471023611 0 0.1186623769796746 0.08689430958768862
0 0 0.01255774115885222 0.2460213902131381
0 0 0 0.3913415007846632
0.01977079170049145 0.1384096146420795 0.03678420783377656 0.04405267702804294
0 0.06339745142867681 0.1769101858427413 0.07634576917538816
0 0.2619244786415478 0.01769088623301807 0.02586477448585955
0 0.2885084803058675 0 0
0.02260173414946776 0.2375752424507256 0 0
0 0.01028804098358305 0.1174952013235122 0.07169840557143625
0.01890967823713074 0.03963820030990428 0.1297386350447833 0.04316057019229014
0.0875175195112663 0.001382185893547883 0.1243126456969965 0.07148830306008547
0.1634438303310892 0 0.2056094588910218 0.01516128178336928
0.06371055872495024 0.06168295490782794 0.0807322177757519 0
0 0.183959526035036 0 0
0.6829952649153042 0 0 0
0.01426035783657342 0.01821726311153493 0.1358051673890257 0.002795393624730025
0 0.2048718135704224 0 0
0.0007229717569454674 0.08185111367656406 0.1557633784016477 0.007985683249899234
0.0120954768312147 0.003631717102521304 0 0.1793713126375718
0.02792050715349759 0.1619739433591605 0.1135465850890016 0.00419332141899309
0.1280507882468147 0.02211141035122544 0 0.02489325365915263
0.02202558591140424 0.06130335680103816 0.10122965115858 0.1419350594977209
0.007938852420132259 0.01034758770864963 0.04943972954789499 0.07624402362416083
0.0004512250158508202 0.02296032765372935 0.2287665846829654 0
0 0.03035440939694967 0.1421771778567509 0.1294393710595689
0.6931055992379112 0 0 0
0 0.2081789141949335 0 0
0.0429981896376197 0.1372747484101069 0.1132620512000271 0
0.007131597287134195 0.2485635522478062 0.05476092834126756 0
4.106318360075356e-05 0 0.04976731619403862 0.1588192696954243
0 0 0.2364848221264479 0
0 0 0.2364840290439969 0
0.08282884977644156 0.1174980778849235 0.04885619091255666 0.03936864559309772
0 0.07536213352324794 0.1267950453596858 0.1467974047261937
0.0252503598944438 0.09380911973000594 0.02286743568484373 0
0 0 0.3248437080030255 0
0 0 0.4350184061970104 0
0 0.004368463456726701 0.2572485595906637 0
0 0 0.06072261521702593 0
0 0 0.2876408091810272 0
