0 0.1069393088020827 0 0.1612215643968133
0 0.07839587898753875 0.02521949814349833 0.09167006992456894
0 0.08800283068974513 0 0.1530083453109929
0.05980632507698957 0.0348962848016201 0 0.5001531773809083
0 0.3997318002247787 0 0.1311804085816939
0 0.1019191632020031 0 0.1995456955675061
0 0 0 0.2506616781148634
0.1884475016569638 0 0.006313377431759859 0.1465539062965091
0.2593386241436604 0.01262213631885545 0.2332751462013931 0.1686614174728442
0.1520560428865778 0 0.07981506175352759 0.1205976807303604
0.214655194636439 0 0.00266677617588762 0.1497129432067521
0.4170303045183643 0.04729470984239281 0.08778493260535103 0.2035418417932093
0.1150648668115484 0.03976180258236894 0 0.08319882346642027
0.158001585754352 0.005470240649203539 0.0120033964142785 0.008990419728474475
0.04297129845359748 0 0.01686413905442929 0.1172097424302543
0.03765286084538522 0.2244561142520436 0 0.07579637895822189
0.1420235114345758 0.04633170570140654 0.0881305695257415 0.0002765590726976352
0.04770588052662372 0.06057977937832804 0.005819984945254042 0.02661923070264138
0.07986427528628104 0.05060791909320206 0.01122593036367503 0.02681232356137686
0.3256763630039761 0.004480491546049015 0.05812629016703164 0
0.3544372514567977 0.01015027766170196 0.05486134835268075 0
0.4990091626131488 0.05732922988692724 0 0
0.4482972279211086 0.05026617534287214 0.09627613314993799 0
0.2692422265565044 0.01962497889606829 0.02152904613119722 0
0.4229180724788639 0.1434947308986236 0.01170799577632309 0.03668262021314361
0.2743673677034009 0.1144569108314737 0.02379628176832926 0.01124722726981564
0.212875050455797 0 0.01353731649654932 0
0.07496023967100585 0 0.5857795166661717 0
0 0.07100609294337712 0.131876152817493 0.2793261799778988
0.2378093399937729 0.01137339341268473 0.2067418716555978 0.04438549741588882
0.1184301339033507 0 0.0601906120581801 0.1219884093886929
0.2020365986158497 0 0.01017191905286818 0.09256216166555764
0.1280559643536301 0 0.08132438095277306 0.1414270926816226
0.1813770111930917 0.002278016507286207 0.0154829997189212 0.1600352788279635
0 0.074396830593223 0.0542967612530092 0.3001937698500265
0.5229727054591711 0.044104776198159 0 0.07128057521901376
0.1956381013067692 0.09501374278988872 0.3122210697707657 0.09765059994740666
0.1978544879986615 0.004958935634349126 0.01293997588666596 0
0.1919869678951225 0.004808946797871805 0.02565363011674759 0.0156079260972497
0.3074171151314993 0.02809298742749755 0.07232503445420835 0
0.3557096194690608 0.06089759017692531 0.1769765162616446 0
0.1347542447314387 0 0.01576670243552192 0.1019174920016002
0.540329723529944 0.05889952880228688 0.004614439704076601 0
0.3179760511584993 0.3585192198661289 0.1110273818175578 0
0.1748674972189426 0.04156664994826453 0.214633473964648 0
0.1294868796579434 0.04378865207117988 0.1321009943610931 0.04040094113414616
0.05531197440125601 0.4921567224706609 0.1488865915962765 0.4576015541618943
0.2471599966893803 0.0221174285646426 0.1447538345636039 0.3278413372552744
0.2751087684689786 0.1103321973490687 0.03280283386019378 0.52706855997723
0.3607241998281421 0.131460959412784 0.06328776994089358 0.05361917686831785
0.2646258118294493 0 0.2186874384901585 0
0 0 0.6754081500420741 0
0.3673431952507129 0.0241307578643124 0.1825245351498432 0.1000700139697814
0.3146333355004871 0.02144732789551851 0.1552302784266304 0.08061316402051877
0.2594199985886465 0 0.0879428233919004 0.09089092006253985
0.3715876110731451 0.02027188204325592 0.1683599381278684 0
0.5790038498704946 0 0.05012618146454928 0
0.1714610555704195 0 0.04831650457733216 0.02714091102702154
0.2006164385539924 0 0.1563103563792869 0.0282683074760639
0.3895372128582746 0.05224546264397723 0.02548527916012078 0.07164701920366978
0.1497782648381505 0.005800061940030021 0.003289367764778728 0.1134752081459305
0.04838128294540089 0.1064167776232401 0.02410454463334899 0.02829103560373136
0.4838936799495031 0.05646936811403958 0.1100266977921878 0
0.2051455302203689 0 0.4905830793755532 0
0.5249224120467051 0 0.01213405526654898 0.01368907093510785
0.2787417204887386 0.06790010795081902 0.1413049152226744 0
0 0.03918240842273235 0.2202375015275768 0.07348706095666357
0.2948511919163535 0.03016906156637456 0.1143232651354151 0.01834553641632741
0.2911391081157819 0 0.1148020548988804 0
0.09771234051428679 0.003225122369342026 0 0
0.02056350457947809 0 0.3814896203766098 0.07880974546202024
0.05739837589411345 0.01662198484789257 0.2771399495463713 0.3600872881842185
0.0727530886966492 0.02956746001633115 0.1918939512103437 0.06340992764702413
0.04495275817658384 0 0.5076681057369159 0
0.2927616477520654 0.01491559073008841 0.2305311572127222 0.08161664361317267
0 0.04329831871876832 0.2221697437953727 0.08727550273804208
0 0 0.6545519372094326 0
0 0.07177976549417076 0.2233903022922641 0.09813082870144152
0.408490750314642 0.05099318253015772 0 0
0 0 0.06981320308091177 0.1926171561298555
0 0 0 0.1928938924238681
0.006117532905256073 0 0 0.2207378568410758
0 0.03675126672345796 0 0.1865055378077638
0 0 0 0.4060799051464787
0 0.8797170839161592 0 0.05025951033906129
0 0.7881050413534356 0 0
0 0.8756019450789417 0 0
0 0.7702993907298548 0 0
0.00177079222362253 0.8030023669324968 0 0
0 0.9033807438933066 0 0
0 0.7624492904560627 0.02179459412418239 0
0.1327786161410205 0 0.02773592617429843 0.1014463759747337
0.2706029507365548 0.04064123117299223 0.2112590537545638 0.02846962206572701
0 0.02888112160800715 0.05001473352866248 0.1182235706390622
0 0.02546676609923826 0 0.06513125915867701
0.1696901769001939 0 0.06505006096006305 0.1602238412492547
0.4450890379602503 0.05071431656584235 0.04517627017431591 0.02546276806588343
0.4260959709126513 0.1665307685244339 0 0.01878162926377014
0.1780190112179416 0 0 0.2667618435890349
0.09656619139973666 0 0 0.5435646569916279
0.4567173640482312 0 0 0.07141735138016259
0 0 0 0.5316467298772853
0.06273439495477029 0 0.2013493565743427 0.09706858709037336
0.3618311257071276 0 0 0.21322324082682
0.08809889476716615 0 0.07712552008974005 0.2797009024992374
0.1600661922684601 0.003902824853190046 0.1103489475759465 0
0.3685711449600402 0.05464209203869519 0.03199037392549053 0.09822245270522201
0.1956565361163627 0.01909580271446587 0.01726749842598907 0.06544572767882539
0.1550989771971438 0.2121948913748235 0.07224182959625347 0.1568184377578141
0.1892890307767761 0.009380451181233873 0.01148182303546452 0.1134508068925177
0.2452713737215808 0 0.03148599595975221 0.008660009387155165
0.1326955410756967 0 0 0.09357293333476835
0.4377850216960744 0.04664886730680262 0.007790539706566957 0
0.1075319178999701 0 0 0.3765375022355428
0.2076416851956642 0.1213578239513817 0.1053988933115904 0.04060975144827861
0.5300972814868252 0 0 0.007087222889504918
0.4755270915710534 0.04755412785286106 0 0
0.2382682019689204 0.01919495890317968 0.003072784520469662 0.0518145423377141
0 0.2405522749876268 0 0.1078749893084407
0.1032502158294772 0.1123075684140684 0 0.3429558660178147
0.02802359843018021 0.02030719807042147 0.4693237706263773 0
0.1897447035792541 0 0.1725299406330081 0
0.06184215720035668 0 0.1659142269608376 0.1268263783309447
0.04819033530298045 0 0.1505629123394321 0.07572442608339958
0 0.05940222227447967 0.0008670858030537243 0.08802027312894101
0 0.6943418868740785 0 0
0.01412343196405108 0.02845755708899822 0.04288802115369794 0.05060030592732545
0.01762125752112365 0 0.1648099228207707 0.01012444606665119
0.0008478471459358872 0.04561347062810195 0.07416902714649298 0.1856160922847223
0 0 0.05534066051149855 0.3636012641892561
0.02527134229368033 0.08316567181927081 0.2392078251988989 0.2080765869715275
0.1201981607851601 0 0.01600114736775571 0.2536346606642761
0.03518861961965314 0.006886780573117202 0.0325258337402845 0.3643585698624392
0.0303287152447278 0.02168570779314227 0.1727440083884173 0.01352057322347222
0.02501642274776739 0 0 0.3268987908380445
0.07440741398026907 0 0 0.2610610877392161
0.02969844670106236 0 0.04085745423525222 0.2790933955222581
0.02251716755545519 0 0 0.2640179397347497
0.02672693243933955 0.2220073275392094 0.06694410807467333 0.1595884432684262
0.1162910961487349 0.3840182172819322 0.08664096990424741 0.01540804032653686
0.03447136145580632 0.1091841131142206 0.3030127473046786 0.1706854541086635
0 0 0.3762850694269018 0
0 0 0.68359861194377 0
0.1564877077832509 0.06866505510026699 0.2142026721194277 0.1001241024019222
0.08431585099773287 0.008409998087944848 0.1569314873089278 0.08343038359106636
0.03767066154090881 0 0.2072373240955145 0.08125639766961967
0.07013790775442796 0.04920989668473852 0.1494724888596235 0.07644627622450173
0.06480398178052349 0.002603154994242241 0.1519048166403787 0.08484608064065435
0.2332130331445141 0.05108104734782026 0.03299934266131865 0.1146097263241017
0.2191039901751477 0.05618172797855703 0.0327804753999954 0.05217904237212689
0.07078982954518964 0.2162210608718791 0.2203416114825352 0.126416991805711
0 0 0.7372775213684752 0
0 0.06155243516516862 0.2356525020892235 0.07527430539245628
0.0241185693950321 0.03907368095317043 0.3454392561051218 0.03414956928947599
0.2042069802661095 0 0.03850916703988183 0.06885685601692759
0.1029870576751457 0.02317128540833968 0.02884078204955953 0.2957087877381737
0.02638583704047082 0.05073935754360637 0.1405377559526151 0.0778132859537497
0.08093705033973397 0.09192297815422878 0.1828820546303147 0.04288208924191195
0.1534276292243411 0.04806888799861575 0.2658123472380483 0
0.1138864260955268 0.0471522046355437 0.2566909831022339 0
0.0432789115418617 0 0 0.146786909532352
0.03288685118842105 0.05864221617170862 0 0.1301315821575324
0.498899452677082 0 0 0
0.2435938507116941 0.01887524079744018 0.01556538821882669 0.176197491358538
0.1400866664426847 0 0.01519767178528375 0.05319790232129007
0.2612404849984564 0 0.048666752709978 0
0.2576358380499899 0 0.02051921282064639 0.01210731500902718
0 0.06486172141732638 0.04755326570211893 0.3546067347756168
0.05347530345344986 0.06244819558778136 0.09046942367840205 0.2802667535849466
0 0 0.661601469609651 0
0.1226336917152688 0 0.6145456020994879 0
0 0 0.7516266836224219 0
0.04476914146722621 0.03127087203463619 0.136773704456689 0.07867803682067254
0.02580016571987942 0.002408598194711731 0.0835807359834535 0.06327017069208085
0.0263530603693185 0.03325619832941795 0.02882575340187454 0.2675892917539131
0.07209879124085661 0 0 0.1075756399192276
0 0 0.2240456108956339 0.016927513523181
0 0 0.144778536246903 0.06095774950982946
0.1776197663879664 0 0 0.03161065156126908
0.4497139463126534 0 0 0
0 0 0 0.1540836766777383
0.340403630686444 0.01089830194701236 0 0.04734952522783553
0.1587272724674442 0.1892407795155742 0.1679161275579386 0
0.05644038717738731 0.2141521853874855 0.1699239297918298 0
0.07440611050767809 0.05788289276280656 0.2532019236136458 0
0.01947048711980881 0.04840444206705152 0 0.09045127293876343
0.2438777602311646 0.005799884950375089 0.01163414939625018 0.09732614189842193
0.1147401967013222 0 0.01250144992254354 0.2193861421246639
0.05889980930484295 0.006360175652449174 0.09295101678772966 0.2349962837478063
0.1689155629149806 0 0.2475433966559422 0.05720624801577134
0.1470211590013848 0 0 0.1758012252714132
0.002539000049033069 0 0.0037868824046976 0.3486771463570117
0.3844509410390231 0.04329476333363957 0 0.08239294499581318
0.1056561293066967 0.0479835477112982 0.07088611913510778 0.1101366962818386
0.1403531728569276 0.02579496310307117 0.02301017466977173 0.08891108879833687
0.02228570803464835 0.2097416467886752 0.1450628478678024 0.03326077738881561
0.00421448463567109 0.07404686010975592 0.1338150569926442 0.2792830946178229
0 0.2753789079681761 0.06214755302105424 0.1932678740962532
0.1297008526096588 0.01190243389497847 0.0003122004568405501 0
0.00570637746753655 0 0.01671050611079949 0.04704252934358633
0.01551127798114726 0 0.0133302570381022 0.05197597197441262
0.1640990538222953 0 0.03441024898942247 0.04262342927326368
0 0 0.1033727668781803 0.1715083214617721
0.1150272855593264 0.1028152716517321 0.1374887633861295 0.04251091525396311
0.05278332611123826 0.007225578699050494 0.1627971389076037 0.09560907746424441
0 0 0 0.4760815795101161
0.005201175551093673 0 0.01463851779321024 0.3682915842512613
0 0 0.06211905640451709 0.2970249312906865
0.1208050100760425 0.02369784339654957 0 0.2493991997198399
0.1093512407524959 0 0.005753467794288758 0.1932352363767857
0.09006800080234489 0 0 0.2099288198828289
0 0.07076128744390187 0.08757736542887229 0.3306875478793039
0.4559108773096423 0.1042018782532961 0 0
0.4207461361727165 0.0403656199427842 0 0.02987141959348083
0.147733408426924 0 0.1258889009335458 0
0 0.198321467301904 0.1344775420883462 0.283558660983084
0 0.06714089019074376 0.07303943220919806 0.3123057976258552
0.203256685748926 0.02554951667226391 0.01784082911783513 0.04398715684981025
0.04642629171281709 0.2186177056965179 0.01887594696362971 0.01279267585658306
0.05252747084873755 0.46592189541965 0.1178998874554602 0.004237329190711403
0.3935834299149705 0 0.1112812684500106 0
0.4333846848750342 0 0 0.028825987094099
0.1145030071175241 0 0 0.188845957550329
0.02277894843603034 0.02535901412947106 0.4031383605242751 0.03537031160100401
0.03880890550075966 0 0.1777102412469791 0.003259736916046752
0.1032395299741051 0 0.2241748628608835 0.1053171038367362
0.01691995466911989 0 0.1566307179812114 0.08476667316812847
0.08657028588124227 0 0.006241486012857456 0.07259834570001811
0 0.03226566771853623 0.180101607149584 0.0815280471383919
0.07566109794977693 0.136515859683225 0.1052068899540672 0.03707378169139952
0.09915385579799008 0.0639609793416378 0.1276353147342209 0.07294161446387681
0.09905127725878704 0.06385224828630753 0.1275412528404825 0.07329335032922613
0.04707876074105344 0 0 0.5104623272429585
0 0 0.3683470391330299 0.01053016536219031
0.1216945413192108 0 0.001639956977167234 0.1223387220596082
0.05109473172525014 0 0.08467856961769704 0.142700994572964
0.03583905473964633 0 0.4779763397817007 0
0 0 0 0.6400980932037463
0 0 0 0.6399637629951878
0.01368972856788209 0 0 0.5497755115812439
0.1177803333556797 0.1142379924545849 0.1061482459264529 0
0.08662910697416382 0 0.0007986280599097118 0.07240278244135956
0 0.04827393102363375 0.1227645759628069 0.08228143929728726
0.006847980797823228 0.05148354174825442 0.09544279266901379 0.09389148336116904
0.02482745010491727 0.01883566037766893 0 0.1230017050962473
0.3058409930121535 0 0.1051312701462783 0
0 0.01233042762913961 0.05828094031030173 0.01172687521736582
0.1768044502179422 0 0.02246444427201721 0
0.1767638265012605 0 0.02252625374652872 0
0.1767227955899255 0 0.0225885150465881 0
0.0535095484513759 0 0.5221580068596869 0
0.1331933754345977 0 0 0.07414647180887579
0.01015344636770887 0.01641078943504271 0 0.09842634567394448
0.01621336230221426 0.03595285133334913 0.03379673056953059 0.2571532798395169
0.04253106864090017 0 0.4305026350651011 0
0.08583961507282911 0.03068450754790941 0.4601063447061795 0
0.1252622703101247 0 0.2801521466010319 0
0.003874585112755957 0.05136761081716901 0.06375364847445297 0.2832762642517221
0.1195464311666514 0 0.02187203565700857 0.04758093225998516
0.03022827541058226 0 0.006850606197753351 0.1966435172604757
0.07176996966648663 0.02791332242954936 0.001717628394182436 0.263914706666927
0 0 0.2314830243993391 0.01517181767501019
0.1404498543615003 0 0 0.1149464744856328
0.004202830513233335 0.05715541677206559 0.06075004128539407 0.1742142357489518
