0.09335890641754685 0 0 0.1213643716434645 0.127752539282006 0.08689736866163589 0.2182682578617139 0 0.1726607870365178 0.2409907761190286
0.06579767169539097 0 0 0.1748647210524263 0.04312710024495292 0.5414942652500114 0.017952359878874 0.006163578727941266 0.0740212790069168 0.2060461546869081
0 0.02399231390954126 0 0.00802287718029393 0 0.7465759224938116 0 0.04092324975368533 0.04961610325724886 0.09040544069576462
0 0.0003789478423685821 0.003131748416338009 0.006607904616934945 0 0.24171568550308 0 0 0.05382806115368455 0.06272809239091992
0 0 0 0.1634193814380884 0.2113684549537149 0.01358076269966824 0 0 0 0.05987013783614925
0.02985143790395806 0 0 0.07049671563457394 0.1215329918019108 0.1276665380946149 0 0 0 0.3956707426845576
0.09307065443918439 0.002516396647974206 0.03812900230502936 0.6283090060339476 0.09509495165471948 0.06856259386067332 0 0.05413873353220233 0.005713095809664281 0.02456337887197035
0 0 0 0.06542398695235785 0.5993217258109822 0.01041073383305791 0 0 0 0.0001825934634216431
0 0 0 0.1526844538160701 0.1985875088907538 0.01082690721614643 0 0 0 0.06826913037585514
0.03592580703652071 0.01465104054320254 0 0.004124678208416332 0.1935382454400534 0.003276763882966494 0.1106355980403513 0.2323627296306532 0.02937567219095771 0.2528338480911616
0 0 0.05249411408272664 0.07711039929048025 0 0.1434371885569012 0.1362449366370575 0.3589479862587404 0.0647356724136916 0
0 0 0 0 0 0.2483641333930606 0.0001753339623085104 0.06705931068504345 0.07491383111643968 0
0 0.02241605110747535 0.01045995991797222 0 0 0.2162475221085949 0 0.08013657975751753 0.4539072884484445 0
0 0.03429492913791643 0.1284561297405922 0.1021171761426241 0 0 0.1347319088183645 0.01187684908061848 0.4175627692665633 0
0 0 0 0 0 0 0.02953239207805169 0.09042163083506405 0.3910559135034408 0.1072476132535578
0.0549370058149965 0 0.003629809235483616 0.02401166441503988 0 0 0.08426852195515178 0 0 0
0.006129792313865678 0 0 0.08559742492205635 0.0683015994450602 0.05281238502431918 0 0 0.04801683998352102 0.01675143792602563
0.1836750468220427 0 0 0.06858267079821223 0.03524170913937885 0.1148830249105492 0 0.0552849543002063 0.1443913133435037 0
0.0003838560528610646 0 0.01188810682092845 0.08179112277046507 0 0.03217682423097923 0.008782102757562749 0 0.0844640169933446 0.01741089374146165
0 0 0.131490025573527 0.1116386037775028 0 0.01604343050741308 0.003059145449923362 0 0.1555676151798357 0
0.09397300928631447 0.0008494161348409079 0.008074680125426337 0.1989781815991361 0.0295052586418254 0 0.0751220174654903 0 0.2349382293055935 0.04356889618311111
0.5652615193574124 0.02572059485256273 0 0.04516732235800736 0.04347329859466087 0.1088566967354045 0 0.05863643114447692 0 0
0.03334494789930798 0.1094910265247555 0 0.2912733469111937 0 0.1553460140269158 0 0.09627719589510031 0.05679355390937113 0.05836818329521387
0 0 0.0487991844310125 0.07156845610388562 0.09774708638106699 0.009240481829500213 0.133764539554722 0.07501471479739896 0.5275397816536525 0
0 0 0 0.05073721592348068 0.02035978355501067 0.01188904112603062 0.002136640050412364 0 0.02319854080673522 0.02189066723562205
0.02550316378922202 0 0.004738153732493311 0.1009322206356775 0.01137898563066675 0.01195071432306993 0 0 0.05293085683849474 0.04189140214800746
0.09789171006954911 0 0 0.06690772066794159 0.02860145077030829 0 0.09650447636794235 0 0 0
0.3312130059017844 0 0.05579570923363963 0.141200447540784 0 0 0.4185437979810291 0 0 0.04419006264223291
0.2801010137601225 0 0.001544978614874681 0.1964074776230171 0.0312325328302312 0.1014019584729804 0 0 0.03353677032128699 0.04955542621885822
0.07410518198193405 0.08952490583604256 0.1792338638137643 0.1279094495396846 0.08688672767550276 0 0 0.1010645181128567 0.2852785467657599 0.1004689186265733
0.003655352988922056 0 0.04834432994345716 0.1785989817919469 0.04067046868335611 0 0.02482804860249721 0 0.1251416363216939 0.06001363582304253
0 0.009752082949699092 0 0 0.1452458623407085 0 0.003932851991353514 0.02431193486678906 0.1216308972838396 0.11403265963256
0.1206626269013984 0 0 0.06817580003772683 0.1314311555173833 0 0.02378558827402233 0.08869541619216381 0.2714756646443317 0.1451447202241096
0 0.0173484095873222 0.005717717951458257 0 0.2435441255918924 0 0 0.1200179881011274 0.09849017947378225 0.04719094132677681
0 0.06308244407552954 0 0 0.1490685167647556 0 0 0.0351161394604993 0.1298181581410027 0.1438747243140159
0 0.008178625995748368 0 0 0.2148497096003379 0 0.02064076789283509 0.01922709660520261 0.06511900599369569 0.181434704315738
0.04321999073045024 0.01130470924930727 0 0 0.1897431937953606 0 0.008934786902180747 0.05724618816918015 0.09040104777776303 0.2107675185701072
0.1064552468037514 0 0 0 0.03595832162650803 0 0.2050480293824237 0.01893497517541176 0.4107432329767104 0.1204744195377916
0.06324089992246074 0.006162087303521524 0.004803160894117253 0 0.4794592589798212 0.004765440324322245 0 0.07336340220937099 0.08677272400551828 0.3237471437829387
0.02824094533980159 0.07863066094912652 0.1298783791583675 0.1662860631950807 0.05884556415196807 0.05696388728193202 0.01541782935787173 0.09178843109284363 0.5203609800651821 0.02330407076180996
0.2040879864111149 0 0 0.006931740350501148 0.4604181562696716 0 0.1548037543499421 0.2857139289547406 0.06031197457770654 0
0 0 0.01233091931584585 0.05457269662634312 0 0 0.3854421211003334 0 0.2518262929220467 0
0 0 0 0.2770802993678543 0 0 0.2975232527324736 0 0.0109567809732849 0
0 0 0 0.09834470584618149 0 0 0.3274219905339137 0 0.09286211428808344 0
0 0.005976614640889943 0.03418090215830549 0.06857198230521488 0 0 0.326088839321055 0 0.1076894438332365 0.05263360917429338
0 0 0 0.0118033327067617 0 0 0.7781538057469063 0 0 0
0.1537555409771598 0.01494425329222149 0.005861040427943109 0.01444486981752524 0.09146271834616559 0.05152327196311468 0.03472589417196748 0.1195232640138419 0.2365186455773256 0.0707898581683839
0 0.07486538687658029 0 0 0 0.01797839753322017 0 0 0.5355939444297553 0
0.4340759646301455 0 0 0.1997578929391672 0.02357537550474698 0.1839909314577883 0 0 0 0.01487039705688686
0.3882355296761795 0 0 0.1840699379274524 0.051630396627389 0.1331785359384123 0.008875181893905681 0 0 0.06129105318636929
0.04590033884897293 0 0 0.1936306319484726 0 0.6072848277653766 0 0 0.04445788071563284 0.08196995359866777
0.180679823062186 0 0 0.1900269946501845 0.2154638094847723 0.03773137319395969 0.05487218529099969 0.0748344212352654 0.07448339662378989 0
0.2808147102572405 0 0.03274136855535081 0.1534347166252985 0.08043589207677759 0.09055269336505156 0 0 0 0.0975473480706881
0 0 0.002315786989729673 0.02136623619686406 0 0 0.1117608665072998 0 0.05989777836038601 0.1128909131461877
0.06830966918515791 0 0 0.1342338143920678 0 0 0.1457630202815128 0 0.0392021554845754 0.1198772682675653
0.07336076919419154 0 0.09619247671407449 0 0 0 0.05150388234648262 0.01160332490806604 0.1435062165350942 0.4203768248419599
0.09801944946083907 0 0 0.1359167808510608 0.4170985300566894 0 0 0.04806225897914729 0.08386040717216314 0
0 0.03627717203214509 0.004562005200662966 0.6993297200396995 0.01509439034444227 0 0 0.03614480302461964 0 0.01453413717864649
0.06643361220207233 0 0 0.03850461664639337 0.2296400182173051 0 0.02941352851383994 0 0.2946594692134255 0
0 0.006575817009268237 0 0.3211955313766537 0 0.1973519061942939 0 0 0 0.05027586781111615
0 0 0 0.1224231869663663 0 0.1376011818860146 0.01283643213315444 0 0.03986147911499538 0.05872681216070408
0.1075061170582119 0 0 0.101508393368573 0.2964216467066045 0.03702736349878433 0.02805878012927154 0.1406740499220429 0.1656979766157016 0.05943185468065892
0.1215169646600849 0 0 0 0.02362731734194967 0 0 0 0.350601019684359 0.002670097969502017
0 0 0 0.03325025725424968 0.02971917483340958 0 0 0.03524740890604172 0.01407600571457079 0.04244615074902436
0 0.01132651786093386 0 0.1500937497217589 0.007829344013502437 0.03337103298501276 0.0001960114239072386 0.1689678936306036 0 0.05482503112132431
0 0.005731156864690945 0 0.2815376884281655 0 0.234032764542301 0 0.004227865420560084 0 0.0752091665853738
0 0 0 0.02722608202046284 0.05022537987113518 0.1930769330363171 0.04618898341329647 0.1894196862717088 0 0.2281027388543251
0.1050246678069044 0 0 0.03242608088192012 0.007194590657373823 0.3115391443243356 0.03034942689936093 0.003727229868654813 0 0.03476948994870788
0.0323422140192926 0 0 0.07330503839568214 0.02247518674006921 0.1305966689586713 0 0 0.02658466767495948 0.1294870039521656
0.04915249595846527 0 0 0 0.1337115856392406 0.03241830326946582 0.1498923325061257 0.1898514441841042 0.07947124237169012 0.1490716946684709
0 0.02676069239493861 0 0 0 0 0.718376073928455 0 0 0
0.1268866878600727 0 0 0.06404488176043688 0.0564212296848654 0 0.1217394348143614 0.2523269080516362 0.2721403893660568 0.2261581907839927
0.1178997934485304 0 0 0.2228036258213684 0.1867212893369725 0.04831918423815829 0 0 0.01754625506781027 0
0 0 0 0 0 0.009350197507484559 0.04287069232021623 0.02943129185232429 0.2592923786730785 0.09877894861948322
0 0 0 0.004742930875129892 0.004104654443504163 0.02329258338310192 0.0041177061455131 0.005451914191038298 0.16477285718059 0.03971125073108706
0 0 0 0 0 0 0 0.1036600607673359 0.1527573910316811 0.04463919335241195
0.2156376803290609 0 0 0.06200575439623379 0.05185644487754848 0 0 0.06284701911552371 0.1754435683930804 0.01962144204409011
0 0.03977817759004609 0.7080378004035848 0.1439950017406595 0.004947385030674489 0.01826443887436735 0.03851111034735055 0.117876561119906 0.1382616787519537 0
0.02514042229600277 0 0.111497627982315 0.1446321288821033 0.1153988867198517 0 0.04599927091371692 0 0.3375269584935459 0.007957516109509344
0.04297214805831584 0 0.07259613401241793 0.1315911894917985 0.01619551356250559 0.006995787813075527 0.1548020460966639 0 0.2816342522822319 0.0396806782476038
0.1386725248791494 0 0 0.008576813135604322 0.004830608055000241 0.07268827138233958 0 0.024538532618952 0.008997001437055729 0.02658614670304282
0.2966960011112856 0 0 0.04345553892224485 0.01685760030314531 0.2211087475052036 0 0.006849364128830304 0.07671789393578199 0.005667109956707161
0 0 0 0.0141126683414583 0.0004866879201448349 0 0.01992809156592545 0.005279056714455166 0.02313658714510103 0.1739533693264834
0 0 0 0.08877372831141783 0.07554032278467049 0 0.1282787966137542 0.03347059177890532 0.007765763423073668 0.08758844348746808
0 0 0.01467030365022581 0.0041345213885573 0 0 0.2355051885353987 0 0.3569045894016574 0
0 0 0 0 0 0 0 0 0 0
0 0 0.03472624302281613 0.1797153242389287 0.03727492704264157 0 0.01197873960158868 0.01173306111717309 0.04477650286302781 0.06185610716196455
0 0 0 0.00180460165278773 0.05563904260504016 0.2692951437723563 0.02500632927415669 0.03365296124281092 0 0.2019490578975955
0 0 0 0 0 0.1976294432947967 0.2014304554636948 0.1936395484463818 0 0.04061795578679317
0 0 0 0 0.09409564954067084 0.1900669598034315 0.04532338039154249 0.07469401925138497 0.04363960518413545 0.1043634317538016
0.05820108209152952 0 0 0.2168494589153829 0.08192393706998491 0.193779422676466 0.1095978700958371 0.03325182936055437 0 0.1842130651939715
0 0 0.003199755387131908 0 0.2269753422641523 0.1378946418949902 0 0 0 0.1912955389758197
0 0 0 0.01739260758677541 0.05577281904766096 0.2285339370489892 0 0 0 0.1963043064340002
0 0 0 0 0.02605934312583891 0.250242609904398 0 0 0.1321055895117191 0.1540338736865874
0 0.8473415376442357 0.00895080540193538 0.002442046611083937 0 0.04781731395613087 0.06758642432608353 0 0 0
0 0.1471119396120384 0 0 0 0 0.2621181571616908 0 0 0
0.1529548065798632 0.09767658088601006 0.0573526337281125 0 0.1251588708093367 0.008480310779478861 0.0958191217314408 0.1326919091695129 0.08293839433963712 0.02116532397772608
0 0.1471107982524411 0 0 0 0 0.2621355491826081 0 0 0
0 0.04737453793703539 0 0 0 0 0.2552785273916161 0 0 0
0 0 0.008345045294474662 0 0 0 0.2513508014006274 0 0.02586694151771485 0.01047784534225471
0 0 0.1686342164106984 0.6848628751051509 0 0.03421666780109023 0 0.03433388507978075 0 0
0.04232956402295907 0 0.03066646111563531 0.2342637556112068 0 0 0.07855183424457901 0 0.01023025771865882 0
0.04259737708671163 0 0 0.2789744142768003 0.08537947002177582 0.1050501597757567 0.1075761490733587 0 0.05698829038413078 0
0.07582981618122164 0 0 0.07868985762111502 0.02161519436234638 0.05012124444997568 0.07119041778811153 0.01130896910350487 0.08756809697024792 0.07791549434428835
0.08470567085910075 0 0 0 0.08181453552348383 0.04469766311395085 0.2044394376734253 0.3151590502722919 0 0.01869161979802447
0.01753233120314501 0.09753892361890282 0 0 0.1572283578253324 0.08618765387565941 0 0.3211323667409747 0.01121442198013201 0
0.01612517367618782 0 0 0.0830517311519432 0.02210553411173199 0.02109768128745348 0.01607512884851992 0.01568319839241727 0.02392665860803178 0.06654940377077057
0.02988082968926142 0 0 0.1626974498880713 0.05128812948732331 0 0.04030843023383968 0 0.1040055708108709 0.183535327585107
0 0 0.004185599073595281 0 0.1008301553936577 0.7540145482435632 0.04973713000424418 0 0 0
0 0.01633055580149301 0.1175253833264984 0.008758950577196778 0.1865682554944663 0.1214960241315834 0.1448114703245511 0.003960225143466944 0 0
0 0 0 0.003960030045349283 0.1099256962587036 0.08961155345543714 0.6218579309954504 0.09013586803209805 0 0
0 0 1.619350249271179e-05 0 0.607016656866195 0.08247095662225679 0.07121494154182861 0 0 0
0.01507539085653087 0 0 0.07599587842966216 0.02599485829065085 0.02660717923124056 0.05349687133546532 0 0.0781114387151336 0.02617911594212607
0.1489344033536242 0 0 0.07522876241424226 0.05526353582442001 0.01949685156284375 0.06520820785473802 0 0 0.1649412724858763
0.06486909329873791 0 0.0006059327885274968 0 0 0 0.01265766987715944 0 0 0.8065380295980892
0.0512992475721421 0.07534875010238373 0 0.04100485885520833 0.1107252534533885 0 0 0.7110788225673828 0 0
0.01925293976721543 0 0 0 0 0 0.03193545240491003 0.00737344716751176 0 0.05025947066036074
0.1401599830852338 0 0 0 0 0 0.01364107631488287 0.09023438093524949 0 0.07217116937100454
0 0 0.00606214953251194 0 0 0 0.08826726482384273 0 0.1268770390980916 0.09585185034567512
0.04073740545817661 0 0 0 0 0.1240059796150117 0 0 0.02068265048903051 0.281197383446302
0 0 0 0.002724902459882772 0.01884830584274888 0.0001177223982127273 0.01291232006256715 0 0.02005459115829455 0.01017211389596873
0.002626150029645391 0 0 0.004846809026979537 0.04856085626467199 0 0.01559431051962723 0 0.05654327235191903 0.007792435402451225
0.5479359677032019 0.0002909615898807338 0 0.0895190384438167 0.08848543366164519 0 0.004901053419555046 0.0275128520313388 0.1087889340991874 0
0.08497860350491604 0 0 0 0.1063005126934105 0 0 0 0 0.1722424843639405
0.0955118344968493 0 0 0.01087021569334179 0.05116223715788215 0 0 0 0.0552802666678438 0.04180448416126437
0.08451034791836287 0 0 0 0 0 0 0 0 0.6541785856024698
0.05434951680919009 0 0 0 0.04071161802718981 0 0 0 0.02103727445597059 0.5065500511964376
0.03623814846644691 0 0 0 0 0 0 0 0 0.510498728758314
0.03914126937579598 0 0 0 0 0 0 0 0 0.5259235822476656
0.5166886776401471 0 0 0 0 0 0.01009421463754712 0 0 0.426078913320296
0.02773884740205612 0 0 0.01352850349235446 0.005112648478887705 0 0.01138308475028604 0 0 0.03794861577397968
0 0 0 0 0.06118747684873194 0.07297488723201728 0 0 0.07841368897896639 0.04718892902942762
0.1843003268070085 0.000337895036332414 0 0 0.07675501099315807 0.01723854740054565 0 0.06005792334131033 0.1009082089165654 0.1693540273843841
0.02564434393481463 0 0 0 0.02446500151056497 0.01514462893079616 0 0 0.02958026431678662 0.04650465758966638
0.02564385527014967 0 0 0 0.02435673388451431 0.01513155315975601 0 0 0.02959389916290056 0.04659815290816716
0.1152087363981695 0.0125141350513136 0.01901326008528526 0.0588584419663114 0.4179726543526427 0.07562988438671714 0 0 0 0.07726113114190092
0.01518797622698043 0 0 0 0.08749139510621085 0 0 0 0.0214171460658259 0.1969939175806579
0.06629498992419669 0.00273374397591164 0 0 0.1515614575747601 0 0 0.04512876717849457 0 0.2576783496051691
0 0 0 0 0 0 0.2497253847573722 0 0 0.01603090305335364
0.1355691387959912 0 0 0.01654366914902483 0.0606629636374254 0.02860338597061585 0 0 0.06932459069127184 0.08513728074572291
0.04094646046473471 0 0 0 0.1005782467701652 0 0 0.004191117881050532 0.0215842301240643 0.1048567213773355
0.02054769990669958 0 0.01127692598386698 0.06272473672683243 0.05638897224379025 0.04117320245402145 0 0.002894069127507892 0.1513861717099823 0
0.009569493249233396 0.1159576533961781 0.2365298882024753 0.09757142935632435 0 0 0.03028005457730432 0.1261059370584454 0.5618161979666911 0
0 0 0.07060249491528636 0.0709353211165038 0 0.03719254824204832 0 0.01326053321023202 0.2335854251850416 0
0 0 0.04796141314286584 0.1053107144394725 0 0.1640321113488337 0 0.02552049971429349 0.2707929499294481 0
0.08592218446868749 0 0 0.2044806189849133 0.0372349913706671 0.09062445437512845 0 0 0.0322652862173296 0.01112466415132407
0.1196871128817889 0 0 0 0.02651641982556385 8.481206814514586e-05 0.7851768952953074 0.126428415931978 0 0.03436594734690313
0.2054173319578614 0.06128378572098625 0.003358371930562987 0 0.1872938672095816 0 0.06992979703044133 0.2099125212024737 0.08988185277038263 0.03955495745296034
0.2236390637110404 0 0 0.1177260341529456 0.2393768155940723 0.1177537836418787 0.1716061988817881 0.1652157736503501 0 0
0 0 0 0.04152982412991157 0.05164269079369865 0.05360337623681999 0 0 0.02719643906647118 0.01961442730175822
0.1925013350807008 0 0 0.6120971845450713 0.00116079240831346 0 0.02614908678435102 0.05268321928167552 0.01471452352274949 0
0.204549618108683 0 0 0.1594789617216392 0 0 0.06957179640330668 0 0 0.0374840360026738
0.04946167508613897 0 0 0.1360213752526891 0 0 0.05763800700865773 0 0 0.228835421862758
0 0 0 0.003563652615399704 0.08523460328155497 0.1947993471737322 0.01456342684181533 0.01037903171852106 0.08195496005296787 0.04879109518612124
0 0 0 0 0 0 0 0 0 0
0.04259135912665912 0.0007990393223320513 0.0003690839346526253 0.02531445383294995 0.09819187749472036 0 0.106819352994338 0.02786399789726124 0.1203758930460879 0.07901413377878908
0.1462720233073331 0 0 0 0 0 0.4149121467605927 0 0.03948671200614196 0.06249940108607044
0.06621919146450095 0.01529909917864147 0 0.03230159938152566 0.05672994672986964 0.01286335976315578 0.01133856402612454 0 0.527939548958182 0
0.1700265088611848 0.01661985187458037 0 0.1018181497681532 0.0349583876607753 0 0 0 0.2687027069505989 0
0.1051364576692819 0.0116255383272601 0 0 0.01063963514680211 0 0 0.02018745027819757 0.290292715883149 0.05167671261759232
0 0 0.3323792424475791 0.1928179923381257 0 0 0.04112963733662944 0.1099354694168178 0 0
0.1225989978112287 0 0 0.04178427325240852 0.06954776479549407 0.2394602776122361 0 0 0 0
0 0 0 0.006864804677250591 0.006439062955384323 0.00293005159696258 0.01830811258824094 0 0.008059467682921317 0.02087721266610942
0 0 0 0.006856299155345802 0.006334515931886386 0.002927224081952007 0.01831297350042305 0 0.00807715757562022 0.02095949430271005
0.0304916087164091 0 0 0.04751367970379339 0.0999097075990929 0.003221749192991341 0.02918154201403644 0.004522423146013255 0.1114807143273158 0
0.01505766399850694 0 0.007098828462373197 0.0139771695197024 0.03113161525198183 0 0 0 0.1926984730715777 0.02034541983096205
0.01115390812451844 0.008694900837327157 0 0 0 0 0 0.01699813505913483 0.02455389587274914 0.5504572001317256
0 6.341133374609953e-05 0 0.00610039044043087 0 0 0 0.008715204191945602 0.00533130771012158 0.5544678647555219
0 0.04010605798555811 0.0212771357298418 0.1249021898236926 0 0 0 0.01907997548340368 0.07506436659743132 0.4523815656758805
0 0 0.006454899375201384 0.01392725160976127 0 0 0 0 0.009246612494480999 0.5454235830206107
0 0 0 0.02155227525740666 0 0 0 0.01742276411021026 0.07177435842771906 0.5353146164904443
0 0 0 0 0.1648245834401874 0.1140143380674827 0 0 0.07207875918423978 0
0.1313422973230416 0 0 0.004213939897060648 0.0423572743056535 0 0 0.04689100404376334 0.1144569346729163 0.07997250288982771
0.01147466360859051 0 0.018201837813689 0.2318264279574238 0.0978897342430487 0.01211193394979482 0.01546309047343719 0 0.02266303635697842 0.00798314919903631
0.1195737742754948 0 0.0242911770805414 0.3285345853969066 0 0 0.04929447625437833 0 0.05924784719604781 0
0.4471923652582994 0.04790529058714821 0 0 0.004614587585684005 0 0 0.1396120937818619 0 0.3274957156667349
0.05325761766254744 0 0.006387066357927074 0 0 0.1533833066008083 0 0 0.001603402068016457 0.4426500499910602
0.1530225513632193 0 0 0 0.08463952813848574 0 0.1971337282176244 0.292373325746788 0 0.0693857074719133
0.3218036568378244 0.02822499760542407 0 0 0.05107639217641924 0 0 0.1734587822339737 0.02138251024233151 0.07886721592266333
0 0 0 0 0.1991057506918001 0.01048059247786992 0.00670966027114539 0 0.0738703086288186 0
0 0 0 0 0.6731109236018549 0 0 0 0.05245230020698943 0
0 0 0 0 0 0.00101249747838339 0 0.00110080173881455 0.01807227211298668 0.06095171664972976
0 0 0 0 0 0 0 0.04420758599096253 0.1002577824956992 0.1981550927764215
0 0.01271663337211604 0 0 0.1115933682488006 0.003510093793934965 0.006254970649437919 0.1226783009317487 0.01155228194700553 0.2577516564948685
0.1141631164613366 0 0 0.0844405210020347 0.22367806077916 0.05078525625089414 0.01810639662862168 0.0230593376591659 0.1110978790836634 0
0.07724854992562435 0 0 0.04288248389658711 0.1714925743651119 0.01206353582465103 0.02560111817614108 0.04614493440602341 0.06685295723619022 0
0.01875650814096019 0 0 0.147233026729223 0 0.2005748804538745 0 0.01035782489813775 0.04401331533063457 0.02768711393782097
0.2006142692638988 0 0 0.07274023609292279 0 0.2380772237393534 0.02137964033828421 0.1110817198809302 0.0128211662329234 0.1178697347267252
0 0 0.01520053870500626 0.0488525048319004 0 0 0.01455346875200392 0 0.05397630123209929 0.2538731140658637
0 0.002968495546967542 0.005578811953319773 0.01562231148526516 0 0.0008360867455350363 0 0 0.06402804028756326 0
0 0 0 0 0.1615337336507066 0 0 0 0.08190298423949049 0
0 0 0 0 0.1621484742675732 0 0.006484569827758246 0.03957277167414341 0.03554285056147743 0
0.08662699572076638 0 0 0.1280903404022253 0 0.04092704394931923 0.06391187372649876 0 0.0266379436574895 0.08543591533682315
0.7445224281545129 0.009426385013937111 0.008549714647425599 0 0 0.06754436348794357 0 0 0 0
0.5284102870901248 0.01400879601538341 0 0.01157203935601148 0.02531332509562612 0.04923448468033831 0 0.03501585193006806 0.2217703003877272 0
0.1474876516380605 0.001304146729181443 0 0 0 0.7777964971909905 0 0 0 0
0 0.02333351911178227 0 0.05045205343400538 0.06340341304716235 0.004564480276335825 0 0.03952138456616949 0.03792255003561351 0.005781144969629004
0.5998114266095533 0 0 0 0 0.07087317274451932 0.2622515574445667 0 0 0.03741158134054134
0.4086450144297167 0 0.02647651453431643 0.05210947107600883 0.07882475283707335 0.02055190934261408 0.07231042327299142 0.02939469256495664 0 0.04412153734706359
0.5353764453840009 0.02797003844851242 0.1696908051746766 0.08460581348683416 0 0 0.00129852714007006 0.0550323853570176 0.1138209547106295 0
0.61038718949183 0 0 0 0 0 0.03550755757902135 0 0 0.0187654393798633
0.7847917355696403 0.01786507237255708 0.01094645211552248 0 0 0 0 0 0 0
0.6561440254724109 0 0 0 0 0 0.01949610187503681 0 0 0
0 0 0.05396505712565469 0.07125596084540464 0.01991060630973229 0.02085035246794886 0 0.00585290449649789 0.4139839614581147 0.08087606068961706
0 0 0.06757952169987735 0.002672082334511217 0.105810163142676 0.05249006280017521 0.01739548175131911 0.1917983952772286 0.1832303382358424 0
0 0 0 0 0.1333881184480188 0 0 0 0.1065638707232943 0
0 0.006076019077683625 0 0 0.03063077446935614 0 0 0.07448132636482008 0.1004965900361376 0.2557065898773687
0 0.008478832800532521 0 0.04934693285998781 0.05152270043825324 0.005344451417112372 0 0.03688361428278264 0.01533891613271732 0.1950134329255402
0 0.09106780971852757 0.03317367535043614 0.1399603134895244 0.09367977651617654 0 0.000794324044967043 0.221386983529523 0.06800210595495737 0.1919847970944613
0.1300086690682707 0 0 0 0.165263633790391 0 0.1389033441511178 0.0680795636122522 0.06875037080992197 0.03927925346998484
0 0 0 0 0.01947654011677091 0 0 0.0007426752682642146 0.002295981651891266 0.002006141388022131
0.1768035516738307 0.7363441765133318 0.009308451495683823 0 0 0 0 0.06891426297659686 0.1460009420569945 0
0.08148531181540064 0.2306473031843674 0.08951176741350864 0.0552673941101034 0.02538986514156583 0 0 0.1085605364069215 0.2624450321560308 0.05875248871051708
0 0 0 0 0.2773415104556163 0 0 0 0.1519186617776926 0
0 0 0 0 0.1144867133363512 0 0 0 0.2362332623095524 0.002651405103498039
0.04968299674526122 0.004934726030231706 0 0.0733900219838215 0.05366196552074332 0 0 0.009677802654137979 0.04313749662542232 0.04658879065031174
0 0 0 0.08360765580409857 0.01806470665879911 0 0.0002780517270275507 0 0.02653700233655143 0.04330868504978702
0.03631028542814008 0 0 0.07167749413700131 0 0 0.01826618646683231 0 0.01101817895305657 0.001675745297740727
0.1469755695616084 0 0.006893594738873521 0.2166997088130658 0 0 0.05112004082669563 0 0.04505797640145182 0
0 0 0 0.7153600238465825 0 0 0 0 0 0
0 0 0 0.2261119823703648 0.01312746758957584 0 0.1366479510381462 0 0 0
0 0 0 0.03334619559750496 0 0.04428326846400377 0.02903924646783906 0 0.04522253772946883 0.02957052651579817
0.012254714748966 0 0 0.02290574673550472 0 0 0 0.1886847768544631 0.09098282909865585 0.05102339725102034
0.2052031366015323 0 0 0.01037266087630107 0.07941659712295457 0 0 0 0.05680313346015842 0.01781244195289777
0.004155707825524546 0 0.008357567636501306 0.1360161110272426 0.01685681641179149 0 0.004118475735346072 0 0.08580318221417227 0.08568056747330988
0 0 0.01067951635959474 0.09347465193897864 0.02108216926499473 0 0 0 0.1441052724046179 0.042144530400821
0 0 0.01843487325988402 0.1255960714291073 0.1039392096003153 0.02659504899611975 0.01491520455711082 0 0.04970057770374514 0.06375811119830943
0.09387099443634317 0 0 0.05296180331133549 0.1327738494650039 0 0.09105148648796813 0 0.1294709048177327 0.04283105469168147
0.199320317539341 0 0.01401006817577533 0.007123123193381709 0.0918155943745349 0 0.3084004401580034 0.05450477871478721 0.1426151567523684 0.0982710538693965
0.2195486394035788 0 0 0.0818622012280108 0.2158299748430998 0 0.1043900183440281 0.0286259901885475 0.1624399860179684 0.0004138980815180382
0.1533423951594282 0 0 0.0630223214969301 0.01626522770584371 0.07142347682046091 0.005040397243388339 0 0.05858212311944389 0
0.192725726432287 0 0.02728254053527723 0.0591513271883175 0.08254979396439488 0.02836096967091595 0.1592623363869123 0.04717251821149571 0.03185447493709681 0.04065491210408156
0 0 0 0 0.08533597731254616 0 0 0 0 0.2215627486901264
0.00626363432904653 0 0 0.003073354786671256 0.04451926428718722 0.03492829967206368 0 0 0 0.2352610596767712
0.01011230642272198 0.009078463853314789 0.06441627640810443 0.09406768395511866 0.09810008568793194 0.0157494195011898 0.04810915658744208 0.07758012996776564 0.05944982109122887 0.1043499778051726
0 0.14603675065941 0.07094916886215641 0.1173516963082257 0.03045338171996259 0 0 0.1479973241014345 0.08558728259674497 0.004728880868377194
0.01037458036202965 0.4947935883667625 0.5835946585512479 0.1349613090203459 0 0 0.02905325359860322 0.04893030932258191 0.07224695026014505 0.0296008167680144
0 0.9663607379881634 0.02316662475006415 0 0 0 0 0 0 0
0 0.9663610357912875 0.02316701475171179 0 0 0 0 0 0 0
0.01955008532407332 0.760785505545307 0.5316273365794544 0 0 0 0 0 0 0
0.0347382809617347 0.9461254001131709 0.08975686368208269 0 0.004495189891245976 0 0 0 0 0
0.02480577410931439 0.884211945851139 0.2510159419968052 0.008151421407631254 0 0 0 0 0.02238970044993382 0
0 0.8445482328484391 0.0997857434863314 0.05136088594804433 0 0 0 0.09027905962355409 0.00711137985768695 0
0 0.9663681232493675 0.02316465367699583 0 0 0 0 0 0 0
0 0.9663685376776543 0.02316500228778673 0 0 0 0 0 0 0
0 0.8399424361604284 0.003765424358446401 0 0.01739626046529152 8.090602541610536e-05 0 0.2041885161887378 0 0
0 0.6125790869793046 0.6478283006485421 0 0 0 0 0 0.003345035820108588 0
0 0.6046033914206987 0.7178962043457739 0 0 0 0 0 0.003514355270453517 0
0 0.1271380336422145 0.843095733558948 0.1483695650174386 0 0 0 0.1205738335092474 0 0
0 0.132415077591207 0.8810793823481322 0 0.003794372801480872 0 0 0 0 0
0 0.1324130596969813 0.8810808317342893 0 0.003803797132360565 0 0 0 0 0
0.02644717799941887 0.1330434167267187 0.8964186809209596 0 0 0 0 0 0.01969565947425678 0
0 0.1271599395058873 0.3632031724233493 0.1281950531178804 0.02800833372776523 0 0 0.6005965948527181 0 0
0.0848924188228688 0.2340077140187184 0.3843633424780661 0.04916244350343257 0.3307766524568505 0 0 0 0 0
0.02456245722215145 0.06667948191342532 0.002858755933950352 0.03200595529581185 2.822926302958884e-05 0 0 0.2889402594411539 0.3007334098435348 0.1274027075763156
0 0.1427129987937388 0.2035872812262909 0.2540528731725229 0 0 0 0.2466632470966863 0.05332096299862643 0
0 0.28143359541361 0.3982264106208981 0.06830638674611467 0 0 0 0.09966978620970424 0.07229264749382858 0
0 0.01292133629750292 0.04264516529602047 0 0.5053521755634414 0 0 0 0 0
0 0.007378215999949811 0.02713589670089256 0 0.7662653740690205 0 0 0 0 0
0 0.01156040564351057 0.03809461875751285 0 0.4999166839542484 0 0 0 0 0
0 0.01273433285882364 0.03871932120960264 0 0.5335556690283567 0 0 0 0 0
0.1338364748212471 0 0 0 0 0 0 0 0.2133816733504816 0
0 0 0.1278306813640524 0.07808486366003486 0 0.03294846798388829 0 0 0.1561261075270313 0.006352129406677509
0.0004306267023397314 0 0 0.008437872012057479 0 0.1572798078309128 0 0 0.1639845495227736 0.03070207020405813
0 0 0 0 0 0.1676676705332436 0 0 0.232168767814003 0
0 0 0 0 0 0.1498509795138592 0 0 0.2781431568696602 0.1017944800772104
0 0 0 0 0.02823974746024827 0.29080781994242 0 0 0.2062925966172942 0
0 0 0.1445768717239706 0.1754729903364347 0 0.01877617356020611 0 0.08822498903806486 0.2457340766982372 0
0.1226860705530322 0.01060559045005127 0.134642826962873 0.0536117891455683 0.1064322497543855 0.02100817871337868 0.08136899088760274 0.01994123732656927 0.003939270729998334 0
0 0 0 0 0.01808870158199483 0.3559954601079951 0 0 0.02749878790848426 0
0 0 0 0 0.08035452149840605 0.7384308205518453 0 0 0.002186477521687324 0
0 0 0 0.01434559252434697 0 0.0437245741480381 0.003229249849780125 0 0.01003946769700859 0.04612609197909578
0 0 0 0.01287507440519886 0 0.0306574538098856 0.03767717725057351 0 0.01025264818719784 0.05952358712804107
0 0 0.3201877330097811 0.2002716949829841 0 0 0.008721440265008207 0.1034981385953309 0 0
0.03140537459485637 0 0 0 0.09723614831453697 0 0.08422263854353429 0.2521824499269312 0 0.05482589099510427
0 0.0001305666997915012 0 0.00509481558863123 0.1226284956446075 0.007397824909088024 0.07581310379120687 0.1665554508031513 0.01223374875834571 0.2400087705312925
0.09740697116460129 0 0 0 0.01721327275559292 0 0 0.07330125383181163 0.06681292677082684 0.05645277723747366
0.1147500151092067 0 0.002632720956985635 0.05376414894335446 0.04594163841728438 0.03271308787655203 0.08311661038063045 0 0.1202779979708861 0.0149634031942647
0.03383415357528041 0 0 0.0378385288859846 0.0301164530662188 0.08601599398635296 0 0 0.05878159639102143 0.02676320925005715
0.6085428264831301 0.09344640441860208 0 0 0 0 0 0.1250960338637837 0 0
0.4952808426244335 0.3499205828575869 0.1347242044744785 0 0 0 0 0 0 0
0.05940053873859408 0 0.06288135534764328 0 0.02280585033895721 0 0.003604351793639271 0.03732191158112053 0.2373619596682937 0.05596795097099116
0 0 0 0 0 0 0.02750869496922514 0.1025366773068843 0.1751127257793033 0.1038905281363247
0.04776703522718839 0 0.004259658885806594 0.02659310961388761 0.08821460775943724 0 0.1174702823763252 0.00343173767977456 0.2601986237692333 0
0 0 0 0 0.06157026613802574 0 0.002046217816965124 0.01498293525769223 0.01726256553954153 0.01555919574193765
0 0.0005151204392492836 0 0 0 0.352560296976633 0 0.0006118479443215641 0.001731513882865077 0
0 0.006442234564362215 0 0 0.0620352425758397 0.00919894107285768 0.003563544440357447 0.1075346337304024 0 0.423447951357381
0.1822023525333707 0.05443149939837189 0 0 0 0 0 0.677139871290716 0 0
0.05953520368879217 0 0 0.03156070259699439 0.05542481634454122 0.05980967390633651 0.02538759558119019 0.08261784056221955 0 0.08456573784101229
0.02181857397020215 0.006222239578416611 0 0.01900102878894527 0.06256863009738312 0.006654951594061487 0.01734841317145142 0 0.1031023200386183 0.0181160129293283
0.1502016536996342 0 0 0 0 0 0.3424755121932519 0 0.006114330182176886 0.2329591891208513
0 0.00937754182005146 0.01766846391935761 0.001797899190653096 0.5472115387459793 0 0 0.1233079129741841 0 0
0.3248706177129692 0.0518825432849721 0 0 0 0 0 0.1338762449052817 0.2728492758290932 0
0 0.002165013472421817 0 0.08862594803421064 0 0 0.03333627232499725 0 0.1130115816159765 0
0.01933898795895495 0.03035390194503895 0 0.009244539818460851 0.03577027565051338 0 0 0 0.2357494977377694 0.07130236310710991
0 0 0.003858996920725222 0 0.2494123900724448 0 0 0 0 0.03057270210435248
0.09810424469362822 0 0.02119300455893747 0.01535369564290945 0 0.006366655402181509 0.03076566857670038 0.1573348108642194 0.1072104826165654 0
0 0 0.0566318030987436 0.09099677297986353 0 0.007082715541251616 0 0.60241034353065 0.1429825271005241 0
0 0 0.005074129848412046 0.08559566747612735 0 0.049726743645925 0.1966751802399138 0.2627154212094605 0.04195508498831879 0
0.03912232799381266 0 0 0 0 0.8257581830097152 0.0002442567345708468 0 0 0
0.2242988100356451 0.0003137577472898112 0.00504736930161731 0 0.02973750694035693 0.001260592955060869 0 0 0.09879811533921123 0
0 0.008291962164103106 0 0.1666662526585676 0.07519090947065998 0.04849100927426075 0.005460047444064697 0.1371347960947789 0 0.08012373889313107
0 0 0.007267600096208415 0.01004954727862684 0 0 0.02890294085615297 0 0.08452142236290183 0
0 0 0.007269425872278079 0.01005898727513821 0 0 0.02890076737638081 0 0.08450961137133528 0
0.02818306592308861 0.005434891058181179 0.0001408292604312411 0.02357539176143497 0.08503165719241679 0 0 0 0.002777920531514821 0.1539117002413015
0 0.0001118806723703347 0.001946972517517631 0 0 0 0.01255182240366448 0 0.1296767455938526 0
0.1766295855564002 0 0 0 0 0 0.4110521366162343 0 0.001521076926417342 0.07224858575471438
0 0 0 0 0.007256101855546593 0 0.005314447988117976 0 0.05908108557915814 0.08151203766363779
0.03861541740268182 0.01081509887463961 0.0363274613403064 0 0.1874686850042708 0.005049145802840771 0 0 0 0.1462267738457703
0 0.004167973884363851 0.02447001379733904 0.002567032796346735 0.1096241639232982 0.01728855517335659 0 0 0.01255858618102512 0.09200849242385023
0 0 0 0 0 0 0.01865579556848518 0.1326644110785069 0.1622537889921798 0.003643652036062761
0.0386925493712662 0.01067142588366998 0 0.2619694374277757 0.04932526404778437 0.04182504726701031 0.07910145768731969 0.09567001693768584 0.03807105617594542 0.04748438479054906
0.2197369216166321 0 0 0 0 0 0.3917290952371535 0 0 0.1101220139164425
0.05164650830918793 0 0 0 0.0243210382928829 0.702333967481221 0 0 0 0
0.1245057905924971 0 0 0.04270798911395035 0.07162992972183702 0.2430132897653161 0 0 0 0
0 0 0 0.05661615832603939 0.0003005778816691507 0.04518335358485848 0 0 0.02017685428916782 0.06593088540519454
0.3740614421546431 0.04671472544999 0 0 0 0 0 0.1601671349537082 0.09189070556377721 0.1222201719451561
0.1768814908608098 0.01267643385530803 0 0 0.01192267738904951 0 0 0.1497684392281775 0.1722656780946124 0
0.1193571251742411 0 0.08988430091845356 0.1626719757162709 0.1175534212259564 0.003666914885858352 0.05273762083095912 0 0 0
0.04364819464288305 0 0 0 0.008745529448147771 0 0 0 0.1746615437561363 0.02571083422918563
0.05746127076598118 0.381771081557541 0.5923684344234654 0 0 0 0 0 0.05595869936673248 0
0.01524042250130409 0 0.0170467938900245 0 0.1152869530272698 0.007352384149793112 0 0.0127821008868827 0.08437767996221446 0.03149551090083968
0.0479356748686337 0 0.08171547494458298 0 0.09320011682364071 0 0 0.05415921209407171 0.21814498358135 0.01298191475374977
0.008420822103997194 0 0.05461140023218602 0 0.1170777852663027 0 0 0.03817622690155709 0.1362065331508429 0.02566052428508825
0 0 0.04074087453125941 0.05036775790233383 0 0.00901113912018614 0.01256851272773174 0.1623736393722386 0.04581018178859497 0
0 0 0 0.09734920140682646 0.002903943217153371 0.04685475952960849 0.1009897938919728 0.04385593783427355 0 0.005942580030379396
0 0 0 0.01265522887260784 0.03937806491546736 0.07559288560388389 0.3313973374698562 0.3146862556460523 0 0
0 0 0.01903459224377535 0 0 0.08365356965125392 0 0.109529909422114 0.4308185775088105 0
0 0 0.1630709420900169 0.1520573261899547 0 0 0.0972624100800632 0.6622693925033092 0 0
0 0 0 0.3233072598808859 0.006610184383341045 0.005638298171780187 0.101099033900558 0 0 0
0 0 0.01052089510717336 0 0.05738892346444913 0.2007081613683115 0.005679874375227767 0 0.3167336486007211 0.01123398580020218
0 0 0 0 0.1456136257785019 0 0 0 0.001353215821884746 0.09993171104265874
0 0 0 0 0.1448490112180469 0 0 0 0.00145383000862398 0.1006291624401325
0.009128025044317312 0 0 0.02290935476576483 0.04021359877667607 0.02505859411242639 0.07674490710947923 0.06580764601588651 0.04058784150014794 0
0 0 0 0 0.3590272344027154 0.006590179762213433 0.02891741063307873 0.01455548619972791 0.1133294766931803 0.004163430644937849
0.038291306269989 0.04194725118406262 0.1874149167923618 0 0 0.01218896235409139 0 0 0.5823220308771622 0.006733162907280432
0 0 0.01664626124411916 0 0 0 0.06454833132989535 0 0.2770698958572155 0
0 0.007763258734344358 0.01935741026026538 0.01124884333054021 0 0.01534556581687774 0 0.04990232207893408 0.5436810890475068 0
0 0 0 0 0.6285831568625451 0.07870764032157807 0 0.08084897714837869 0 0
0 0.08170976921792339 0 0 0.002345243703380184 0 0 0.741211460447404 0.09655783408490759 0.001540387814173538
0 0 0 0.03049432026624621 0 0.03039140315999966 0.05696049124121427 0 0.1283281121537572 0.02705891395321358
0.0004505644239631845 0 0 0.006853956591331478 0.00661433055300531 0.003462529742660925 0.01533904424670718 0 0.008232978809339597 0.01744497799427625
0 0.01669416589552686 0 0.0582361027792988 0.07297589026338036 0.03733084319892299 0 0.01765146255403471 0.04102382024084061 0.01011365674922282
0.06257313818320931 0 0 0 0.04681389223057164 0 0 0 0.07724606151050395 0
0.07883847520731457 0.01691768504731472 0.04455164982615134 0.005119478249754561 0.0580174817156196 0 0 0 0.0884075316416213 0
0.04895542865230862 0.03844419014853062 0.01206849174612534 0 0.07395534459099062 0 0 0.2322078814567414 0.1040310154305319 0.0720427079277004
0.09058058294909266 0 0 0.04871264512186113 0 0.03127653319077317 0.03087612234163362 0 0.1022040496611729 0.01388026612579352
0.1341721987924911 0 0 0 0 0 0 0 0.2143382083782517 0
0 0 0 0 0 0.006975067022960912 0 0.01027060271290314 0.007959111563299315 0.006427464995419019
0 0.1302230749125388 0 0 0.1430204232578276 0 0 0.420077583283317 0.02387053310286391 0
0 0 0 0.009736380117942867 0 0.06885886736704716 0.007165765079526265 0.2284426815337324 0 0.06704451143904122
0 0 0 0 0 0.02422080890105338 0 0.08361952458813104 0 0.03005465144860198
0.01712936839091439 0 0 0.001995615015769836 0.07168845990934347 0 0.02447982102743707 0.07920412665166721 0.00891201396780783 0
0.000765641722378696 0 0 0.009393135530282093 0.009072619645599467 0.004781079062487814 0.02080639714010069 0 0.01127244313567166 0.02366894011657372
0 0 0 0 0 0 0 0 0.03101277808266167 0
0 0 0 0.3230670600679866 0 0 0.1056418546457081 0 0.01943069470082448 0
0 0 0 0 0 0 0.7800821507504306 0 0 0
0 0.02009275443968517 0.1841026239456269 0 0 0 0 0.3222600349925682 0.2633934081560516 0
0 0 0.004058879030091944 0 0 0 0.7608719075908024 0 0.04312577541218499 0
0.01013328594070462 0 0 0.002059824595320281 0 0 0.02273756289246509 0 0 0
0.189002780186484 0 0 0.06700949794871369 0.1522699989888416 0 0.1712361012601529 0.1176875233355468 0.2143116961537963 0.00869157572914836
0.08097144843209048 0 0 0 0.2811782003205787 0 0.0864820836891802 0.05613351365340513 0 0.1721055665165609
0 0 0 0 0.1140442989099661 0 0 0 0 0.2038574156138657
0 0 0.1022969500571687 0.1179317769879322 0 0 0 0.628469946924014 0.1016008950566094 0
0 0.1576168222112049 0.4291719422340876 0.1735723247373078 0 0 0 0.134608681372677 0.09154977898095651 0
0 0.01360783915014263 0.1298397462788325 0.6867157256302092 0 0 0 0.1424621243501747 0 0
0.006609506772697227 0.18181210593825 0.8522819578544014 0 0 0 0 0 0.08378007226931716 0
0 0.2270423386679623 0.4534243579279953 0.01419875137412507 0 0 0 0 0.07511552701441837 0
0 0.1319712877742929 0.8832603125135059 0 0 0 0 0 0 0
0.2190643346691408 0 0 0 0.001868520779940708 0.001515706023161867 0 0 0.08097980491948098 0
0.0005455093666635324 0 0 0 0.07544029271428143 0 0.03046064013412897 0.2777370525169545 0 0
0 0 0.007010081962784742 0 0 0 0 0.7439767163167954 0 0
0.0004516717182834196 0 0 0.006850036123478009 0.00661750575382003 0.003463206922373008 0.01534026355293316 0 0.008235143683011925 0.01743700966896866
0 0.03327323977821495 0.2383439508865766 0 0.05843735042743226 0 0 0.02872725448121827 0.1917060162474875 0.006602824789484263
0 0.1054092182554811 0.1941072123580789 0 0 0 0 0 0 0
0 0 0.0277681683571982 0.6876132606859577 0 0 0.05740224713067477 0.09091853860083221 0.01142376550463453 0
0 0 0 0.004226033013774444 0.1305297227664184 0.03555846822732045 0 0 0.07720885848119075 0.02668762843751127
0 0 0 0.02387631141287216 0 0 0 0 0.01674200953739713 0.006747173507998028
0 0 0 0.0003246990280103557 0 0 0 0 0.03004656287346341 0
0 0.02154054664259331 0.1278605634687557 0.0608711931556225 0 0 0.01973806338294026 0.003465061911777312 0 0
0.05671320498596444 0.008857152584562655 0.1126532293791669 0 0 0 0 0.01200676465951034 0.3846214497925167 0.07307731051687449
0.07075503042432318 0.06679991505322125 0 0 0 0 0 0.1092391505020338 0.4794462904736818 0
0 0 0.07822431877812264 0 0 0.0156426995297414 0.0302320105793854 0.2067996438834623 0.03636762975681784 0
0 0 0.002966498222845004 0 0 0.07239566884234416 0.2125382156375157 0.2233078984734445 0 0
0 0 0 0 0.1761169449879822 0 0 0 0 0.1122661449367055
0 0 0.00221207479314578 0.003228093824505063 0 0.1149985858412115 0 0 0.08638153171744545 0.1351511727162693
0 0 0 0 0 0 0.7305621160004754 0 0 0
0 0.01103717443088104 0 0.3290784251300327 0 0.1797324271664615 0 0 0 0.05544776079585323
0 0 0 0 0 0.02482280055835195 0 0 0.01155805696566192 0.03981900822973206
0 0 0 0.3420083305300667 0.002608657872941622 0 0.1088628340614768 0 0 0.004191163040637047
0 0.002718899682609965 0 0 0 0 0.001264665396977449 0 0.2232962788425721 0
0 0 0 0 0 0 0 0 0.09197578383031635 0
0.02029314230712598 0 0 0.736129877047963 0 0 0 0.002207286305062173 0 0
0.2021478178688945 0 0 0.01364693422647401 0.06871086489528344 0 0 0 0.1048521016064747 0
0.2686142233972197 0 0 0 0 0 0 0 0.06240785958661288 0.02483274263557145
0.05498490089555386 0 0 0 0.06859454362134554 0.004186965205534854 0.2620915749157309 0.3397212155562963 0 7.947894035997827e-05
0 0.105302152964468 0.8048312539951357 0 0 0 0 0 0.03014263119183314 0.0416963096290488
0.06211409430368309 0.02430394509978751 0.08036397861304279 0.05034549872621374 0 0 0.08296706286181887 0 0.002353227912578193 0
0 0 0 0 0 0.0242540126356674 0 0.08305805311169556 0 0.03022858528107442
0.0009849279618938667 0.01323097069204859 0.07246310320034355 0.04604186671146548 0 0 0 0.03613814825406059 0.03415275273658791 0
0 0.001864640030130316 0 0.0321560686494522 0 0 0 0.04243319168033755 0.06568054773821408 0.05811163747466597
0.03327169830094912 0.1494973634888239 0 0 0 0 0 0 0.0259042008983621 0
0.04657924922931511 0 0 0.01947737847101538 0.05046582903864971 0.00394456525380571 0.05973040671043739 0.1078117019498153 0.01417955785511871 0.01298757404422246
0 0 0 0.01364682448653753 0.08264113209567014 0.0613780273640816 0 0 0.06165513541340117 0.02662622562546724
0.01615332824235649 0.1095213995012498 0 0.04983387996556266 0 0.01297181838796702 0 0 0.1380809333993616 0
0.04110796092393709 0.08936133670006696 0 0.02548883626522769 0 0 0 0 0.3158460220623127 0
0.008459870290664862 0.006580873924705966 0 0.03373690360066028 0.2200188129351746 0.009887143362319106 0 0.05222800629686564 0.02330718492864703 0
0.03992151559550683 0 0 0.1133737028276207 0.2683010310093901 0.02731716760393232 0 0.03587403437689218 0.01115084212493844 0
0.04733097419314602 0.01045413468828871 0.2079188248175794 0.04502703712420297 0 0 0.08732934904933121 0 0 0
0.1053136180375138 0 0 0.05070090505900748 0.008141346982267539 0.0637320666645973 0 0 0 0.1187540258123934
0.03071227245637353 0 0 0.0002476033841198877 0 0.1117200739386737 0.04779047723643259 0.1911361234636368 0 0.09289467275301866
0 0.06296474931720208 0.8128222910125948 0.06772906924754829 0 0 0 0.06482551220898025 0 0
0 0.004021638061604493 0 0 0.1434727543308818 0 0 0.07417979823996679 0.03415119860755511 0.005396953711241936
0.01618220171098295 0 0 0 0 0 0 0 0.08455563446560621 0
0.009623648480124425 0 0.04381921353704454 0 0 0 0 0.7636135849919123 0.004508556541205522 0
0.0650902883265454 0.03167169751319632 0.2873636298651987 0 0 0 0 0.01280382546220427 0.2887021647089523 0
0 0 0 0.06129888824557606 0.02580410865878036 0.07584910456283023 0.03736848446299224 0.0498983780132618 0.07698768162444236 0.09160774408269035
0 0 0 0 0.2032713563409523 0.03995881316976924 0 0 0.02620067233838252 0.05799522828193693
0 0.0149304462722184 0.04568077897109935 0 0 0 0 0 0 0
0.06457938110021622 0.006591465950163578 0.01743727794236061 0.002239008290215727 0 0.02720189370294168 0 0 0.175170979507826 0
0.1002662920395132 0 0 0.08464785449655809 0.03468078527259255 0.06765846425396504 0 0.0263221788834509 0.1360363372228992 0
0 0 0 0 0 0.02887678030431995 0 0 0.4878379849714189 0
0.03107647484569309 0 0.1332459116311351 0.02326034861239856 0 0.02515784218584383 0.06943274872230765 0 0 0.02246022903175104
0 0 0.05336594551878515 0 0 0.03820312547058768 0.01662559151359866 0 0.04941249863712205 0.02429268629074621
0 0 0.03070213714085734 0 0 0.1589639882319596 0.001204223409227323 0 0 0.1091963353880028
0 0.002132632070574347 0 0.005496110212174665 0 0.02580716200107069 0 0.04037518598777634 0.03936135303756405 0.02654703045307127
0.05870945572756803 0 0.005033791395716136 0 0 0 0 0 0.06311828982459322 0
0 0 0.004698002026972903 0 0 0.2306667953997725 0 0 0 0.1295550334704405
0 0 0 0 0 0.006996591931779816 0 0.01025589256965898 0.007987423184181663 0.006312355873948849
0 0.008686977250267569 0.01823695829291894 0.01235639651035991 0 0.1388575525897435 0 0 0.1528985535439493 0
0.05459879603347217 0.04154384725355431 0.0003969900390214942 0 0 0 0 0.01544967595681013 0.126962671358205 0.183409914770678
0.03249118599343137 0.04017757149980117 0 0 0.0008643084750610264 0 0 0.006867863378911654 0.25502664614297 0.05924107148824653
0 0 0 0 0 0.8596769790879095 0 0 0 0
0 0 0 0 0 0.8596760503654379 0 0 0 0
0 0 0 0 0 0.8596752258180764 0 0 0 0
